
1.47 1.78 1.73 2.04 1.47 1.78 1.73 2.04 1.47 1.78 1.73 2.04 1.47 1.78 1.73 2.04 1.47 1.78 1.73 2.04 1.47 1.78 1.73 2.04 1.47 1.78 1.73 2.04 1.47 1.78 1.73 2.04 1.47 1.78 1.73 2.04 1.47 1.78 1.73 2.04 1.47 1.78 1.73 2.04 1.47 1.78 1.73 2.04 1.47 1.78 1.73 2.04 1.47 1.78 1.73 2.04 1.47 1.78 1.73 2.04 1.47 1.78 1.73 2.04 
1.88 1.71 1.30 2.04 1.88 1.71 1.30 2.04 1.88 1.71 1.30 2.04 1.88 1.71 1.30 2.04 1.88 1.71 1.30 2.04 1.88 1.71 1.30 2.04 1.88 1.71 1.30 2.04 1.88 1.71 1.30 2.04 1.88 1.71 1.30 2.04 1.88 1.71 1.30 2.04 1.88 1.71 1.30 2.04 1.88 1.71 1.30 2.04 1.88 1.71 1.30 2.04 1.88 1.71 1.30 2.04 1.88 1.71 1.30 2.04 1.88 1.71 1.30 2.04 
1.73 2.07 1.65 2.04 1.73 2.07 1.65 2.04 1.73 2.07 1.65 2.04 1.73 2.07 1.65 2.04 1.73 2.07 1.65 2.04 1.73 2.07 1.65 2.04 1.73 2.07 1.65 2.04 1.73 2.07 1.65 2.04 1.73 2.07 1.65 2.04 1.73 2.07 1.65 2.04 1.73 2.07 1.65 2.04 1.73 2.07 1.65 2.04 1.73 2.07 1.65 2.04 1.73 2.07 1.65 2.04 1.73 2.07 1.65 2.04 1.73 2.07 1.65 2.04 
1.73 1.78 1.65 2.07 1.73 1.78 1.65 2.07 1.73 1.78 1.65 2.07 1.73 1.78 1.65 2.07 1.73 1.78 1.65 2.07 1.73 1.78 1.65 2.07 1.73 1.78 1.65 2.07 1.73 1.78 1.65 2.07 1.73 1.78 1.65 2.07 1.73 1.78 1.65 2.07 1.73 1.78 1.65 2.07 1.73 1.78 1.65 2.07 1.73 1.78 1.65 2.07 1.73 1.78 1.65 2.07 1.73 1.78 1.65 2.07 1.73 1.78 1.65 2.07 
1.30 1.71 1.88 1.78 1.30 1.71 1.88 1.78 1.30 1.71 1.88 1.78 1.30 1.71 1.88 1.78 1.30 1.71 1.88 1.78 1.30 1.71 1.88 1.78 1.30 1.71 1.88 1.78 1.30 1.71 1.88 1.78 1.30 1.71 1.88 1.78 1.30 1.71 1.88 1.78 1.30 1.71 1.88 1.78 1.30 1.71 1.88 1.78 1.30 1.71 1.88 1.78 1.30 1.71 1.88 1.78 1.30 1.71 1.88 1.78 1.30 1.71 1.88 1.78 
1.73 2.06 1.30 2.07 1.73 2.06 1.30 2.07 1.73 2.06 1.30 2.07 1.73 2.06 1.30 2.07 1.73 2.06 1.30 2.07 1.73 2.06 1.30 2.07 1.73 2.06 1.30 2.07 1.73 2.06 1.30 2.07 1.73 2.06 1.30 2.07 1.73 2.06 1.30 2.07 1.73 2.06 1.30 2.07 1.73 2.06 1.30 2.07 1.73 2.06 1.30 2.07 1.73 2.06 1.30 2.07 1.73 2.06 1.30 2.07 1.73 2.06 1.30 2.07 
1.65 1.78 1.47 2.06 1.65 1.78 1.47 2.06 1.65 1.78 1.47 2.06 1.65 1.78 1.47 2.06 1.65 1.78 1.47 2.06 1.65 1.78 1.47 2.06 1.65 1.78 1.47 2.06 1.65 1.78 1.47 2.06 1.65 1.78 1.47 2.06 1.65 1.78 1.47 2.06 1.65 1.78 1.47 2.06 1.65 1.78 1.47 2.06 1.65 1.78 1.47 2.06 1.65 1.78 1.47 2.06 1.65 1.78 1.47 2.06 1.65 1.78 1.47 2.06 
1.88 1.71 1.43 1.43 1.88 1.71 1.43 1.43 1.88 1.71 1.43 1.43 1.88 1.71 1.43 1.43 1.88 1.71 1.43 1.43 1.88 1.71 1.43 1.43 1.88 1.71 1.43 1.43 1.88 1.71 1.43 1.43 1.88 1.71 1.43 1.43 1.88 1.71 1.43 1.43 1.88 1.71 1.43 1.43 1.88 1.71 1.43 1.43 1.88 1.71 1.43 1.43 1.88 1.71 1.43 1.43 1.88 1.71 1.43 1.43 1.88 1.71 1.43 1.43 
1.73 2.07 2.00 1.43 1.73 2.07 2.00 1.43 1.73 2.07 2.00 1.43 1.73 2.07 2.00 1.43 1.73 2.07 2.00 1.43 1.73 2.07 2.00 1.43 1.73 2.07 2.00 1.43 1.73 2.07 2.00 1.43 1.73 2.07 2.00 1.43 1.73 2.07 2.00 1.43 1.73 2.07 2.00 1.43 1.73 2.07 2.00 1.43 1.73 2.07 2.00 1.43 1.73 2.07 2.00 1.43 1.73 2.07 2.00 1.43 1.73 2.07 2.00 1.43 
0.93 2.04 1.65 1.78 0.93 2.04 1.65 1.78 0.93 2.04 1.65 1.78 0.93 2.04 1.65 1.78 0.93 2.04 1.65 1.78 0.93 2.04 1.65 1.78 0.93 2.04 1.65 1.78 0.93 2.04 1.65 1.78 0.93 2.04 1.65 1.78 0.93 2.04 1.65 1.78 0.93 2.04 1.65 1.78 0.93 2.04 1.65 1.78 0.93 2.04 1.65 1.78 0.93 2.04 1.65 1.78 0.93 2.04 1.65 1.78 0.93 2.04 1.65 1.78 
1.88 2.06 2.00 1.43 1.88 2.06 2.00 1.43 1.88 2.06 2.00 1.43 1.88 2.06 2.00 1.43 1.88 2.06 2.00 1.43 1.88 2.06 2.00 1.43 1.88 2.06 2.00 1.43 1.88 2.06 2.00 1.43 1.88 2.06 2.00 1.43 1.88 2.06 2.00 1.43 1.88 2.06 2.00 1.43 1.88 2.06 2.00 1.43 1.88 2.06 2.00 1.43 1.88 2.06 2.00 1.43 1.88 2.06 2.00 1.43 1.88 2.06 2.00 1.43 
1.30 1.43 1.88 2.06 1.30 1.43 1.88 2.06 1.30 1.43 1.88 2.06 1.30 1.43 1.88 2.06 1.30 1.43 1.88 2.06 1.30 1.43 1.88 2.06 1.30 1.43 1.88 2.06 1.30 1.43 1.88 2.06 1.30 1.43 1.88 2.06 1.30 1.43 1.88 2.06 1.30 1.43 1.88 2.06 1.30 1.43 1.88 2.06 1.30 1.43 1.88 2.06 1.30 1.43 1.88 2.06 1.30 1.43 1.88 2.06 1.30 1.43 1.88 2.06 
1.30 1.78 0.93 2.04 1.30 1.78 0.93 2.04 1.30 1.78 0.93 2.04 1.30 1.78 0.93 2.04 1.30 1.78 0.93 2.04 1.30 1.78 0.93 2.04 1.30 1.78 0.93 2.04 1.30 1.78 0.93 2.04 1.30 1.78 0.93 2.04 1.30 1.78 0.93 2.04 1.30 1.78 0.93 2.04 1.30 1.78 0.93 2.04 1.30 1.78 0.93 2.04 1.30 1.78 0.93 2.04 1.30 1.78 0.93 2.04 1.30 1.78 0.93 2.04 
1.47 2.04 1.43 1.71 1.47 2.04 1.43 1.71 1.47 2.04 1.43 1.71 1.47 2.04 1.43 1.71 1.47 2.04 1.43 1.71 1.47 2.04 1.43 1.71 1.47 2.04 1.43 1.71 1.47 2.04 1.43 1.71 1.47 2.04 1.43 1.71 1.47 2.04 1.43 1.71 1.47 2.04 1.43 1.71 1.47 2.04 1.43 1.71 1.47 2.04 1.43 1.71 1.47 2.04 1.43 1.71 1.47 2.04 1.43 1.71 1.47 2.04 1.43 1.71 
1.43 2.04 1.65 1.78 1.43 2.04 1.65 1.78 1.43 2.04 1.65 1.78 1.43 2.04 1.65 1.78 1.43 2.04 1.65 1.78 1.43 2.04 1.65 1.78 1.43 2.04 1.65 1.78 1.43 2.04 1.65 1.78 1.43 2.04 1.65 1.78 1.43 2.04 1.65 1.78 1.43 2.04 1.65 1.78 1.43 2.04 1.65 1.78 1.43 2.04 1.65 1.78 1.43 2.04 1.65 1.78 1.43 2.04 1.65 1.78 1.43 2.04 1.65 1.78 
1.30 1.71 1.65 1.43 1.30 1.71 1.65 1.43 1.30 1.71 1.65 1.43 1.30 1.71 1.65 1.43 1.30 1.71 1.65 1.43 1.30 1.71 1.65 1.43 1.30 1.71 1.65 1.43 1.30 1.71 1.65 1.43 1.30 1.71 1.65 1.43 1.30 1.71 1.65 1.43 1.30 1.71 1.65 1.43 1.30 1.71 1.65 1.43 1.30 1.71 1.65 1.43 1.30 1.71 1.65 1.43 1.30 1.71 1.65 1.43 1.30 1.71 1.65 1.43 
1.65 1.43 1.88 1.71 1.65 1.43 1.88 1.71 1.65 1.43 1.88 1.71 1.65 1.43 1.88 1.71 1.65 1.43 1.88 1.71 1.65 1.43 1.88 1.71 1.65 1.43 1.88 1.71 1.65 1.43 1.88 1.71 1.65 1.43 1.88 1.71 1.65 1.43 1.88 1.71 1.65 1.43 1.88 1.71 1.65 1.43 1.88 1.71 1.65 1.43 1.88 1.71 1.65 1.43 1.88 1.71 1.65 1.43 1.88 1.71 1.65 1.43 1.88 1.71 
1.30 2.07 0.93 2.04 1.30 2.07 0.93 2.04 1.30 2.07 0.93 2.04 1.30 2.07 0.93 2.04 1.30 2.07 0.93 2.04 1.30 2.07 0.93 2.04 1.30 2.07 0.93 2.04 1.30 2.07 0.93 2.04 1.30 2.07 0.93 2.04 1.30 2.07 0.93 2.04 1.30 2.07 0.93 2.04 1.30 2.07 0.93 2.04 1.30 2.07 0.93 2.04 1.30 2.07 0.93 2.04 1.30 2.07 0.93 2.04 1.30 2.07 0.93 2.04 
1.43 2.06 1.47 2.04 1.43 2.06 1.47 2.04 1.43 2.06 1.47 2.04 1.43 2.06 1.47 2.04 1.43 2.06 1.47 2.04 1.43 2.06 1.47 2.04 1.43 2.06 1.47 2.04 1.43 2.06 1.47 2.04 1.43 2.06 1.47 2.04 1.43 2.06 1.47 2.04 1.43 2.06 1.47 2.04 1.43 2.06 1.47 2.04 1.43 2.06 1.47 2.04 1.43 2.06 1.47 2.04 1.43 2.06 1.47 2.04 1.43 2.06 1.47 2.04 
2.00 1.71 1.30 1.78 2.00 1.71 1.30 1.78 2.00 1.71 1.30 1.78 2.00 1.71 1.30 1.78 2.00 1.71 1.30 1.78 2.00 1.71 1.30 1.78 2.00 1.71 1.30 1.78 2.00 1.71 1.30 1.78 2.00 1.71 1.30 1.78 2.00 1.71 1.30 1.78 2.00 1.71 1.30 1.78 2.00 1.71 1.30 1.78 2.00 1.71 1.30 1.78 2.00 1.71 1.30 1.78 2.00 1.71 1.30 1.78 2.00 1.71 1.30 1.78 
1.47 2.04 1.73 1.71 1.47 2.04 1.73 1.71 1.47 2.04 1.73 1.71 1.47 2.04 1.73 1.71 1.47 2.04 1.73 1.71 1.47 2.04 1.73 1.71 1.47 2.04 1.73 1.71 1.47 2.04 1.73 1.71 1.47 2.04 1.73 1.71 1.47 2.04 1.73 1.71 1.47 2.04 1.73 1.71 1.47 2.04 1.73 1.71 1.47 2.04 1.73 1.71 1.47 2.04 1.73 1.71 1.47 2.04 1.73 1.71 1.47 2.04 1.73 1.71 
1.65 2.04 0.93 1.71 1.65 2.04 0.93 1.71 1.65 2.04 0.93 1.71 1.65 2.04 0.93 1.71 1.65 2.04 0.93 1.71 1.65 2.04 0.93 1.71 1.65 2.04 0.93 1.71 1.65 2.04 0.93 1.71 1.65 2.04 0.93 1.71 1.65 2.04 0.93 1.71 1.65 2.04 0.93 1.71 1.65 2.04 0.93 1.71 1.65 2.04 0.93 1.71 1.65 2.04 0.93 1.71 1.65 2.04 0.93 1.71 1.65 2.04 0.93 1.71 
1.88 2.06 2.00 1.78 1.88 2.06 2.00 1.78 1.88 2.06 2.00 1.78 1.88 2.06 2.00 1.78 1.88 2.06 2.00 1.78 1.88 2.06 2.00 1.78 1.88 2.06 2.00 1.78 1.88 2.06 2.00 1.78 1.88 2.06 2.00 1.78 1.88 2.06 2.00 1.78 1.88 2.06 2.00 1.78 1.88 2.06 2.00 1.78 1.88 2.06 2.00 1.78 1.88 2.06 2.00 1.78 1.88 2.06 2.00 1.78 1.88 2.06 2.00 1.78 
1.73 2.04 1.43 2.07 1.73 2.04 1.43 2.07 1.73 2.04 1.43 2.07 1.73 2.04 1.43 2.07 1.73 2.04 1.43 2.07 1.73 2.04 1.43 2.07 1.73 2.04 1.43 2.07 1.73 2.04 1.43 2.07 1.73 2.04 1.43 2.07 1.73 2.04 1.43 2.07 1.73 2.04 1.43 2.07 1.73 2.04 1.43 2.07 1.73 2.04 1.43 2.07 1.73 2.04 1.43 2.07 1.73 2.04 1.43 2.07 1.73 2.04 1.43 2.07 
1.30 2.04 2.00 2.06 1.30 2.04 2.00 2.06 1.30 2.04 2.00 2.06 1.30 2.04 2.00 2.06 1.30 2.04 2.00 2.06 1.30 2.04 2.00 2.06 1.30 2.04 2.00 2.06 1.30 2.04 2.00 2.06 1.30 2.04 2.00 2.06 1.30 2.04 2.00 2.06 1.30 2.04 2.00 2.06 1.30 2.04 2.00 2.06 1.30 2.04 2.00 2.06 1.30 2.04 2.00 2.06 1.30 2.04 2.00 2.06 1.30 2.04 2.00 2.06 
1.73 2.04 0.93 2.07 1.73 2.04 0.93 2.07 1.73 2.04 0.93 2.07 1.73 2.04 0.93 2.07 1.73 2.04 0.93 2.07 1.73 2.04 0.93 2.07 1.73 2.04 0.93 2.07 1.73 2.04 0.93 2.07 1.73 2.04 0.93 2.07 1.73 2.04 0.93 2.07 1.73 2.04 0.93 2.07 1.73 2.04 0.93 2.07 1.73 2.04 0.93 2.07 1.73 2.04 0.93 2.07 1.73 2.04 0.93 2.07 1.73 2.04 0.93 2.07 
1.47 1.78 1.65 1.43 1.47 1.78 1.65 1.43 1.47 1.78 1.65 1.43 1.47 1.78 1.65 1.43 1.47 1.78 1.65 1.43 1.47 1.78 1.65 1.43 1.47 1.78 1.65 1.43 1.47 1.78 1.65 1.43 1.47 1.78 1.65 1.43 1.47 1.78 1.65 1.43 1.47 1.78 1.65 1.43 1.47 1.78 1.65 1.43 1.47 1.78 1.65 1.43 1.47 1.78 1.65 1.43 1.47 1.78 1.65 1.43 1.47 1.78 1.65 1.43 
2.00 1.43 1.43 2.06 2.00 1.43 1.43 2.06 2.00 1.43 1.43 2.06 2.00 1.43 1.43 2.06 2.00 1.43 1.43 2.06 2.00 1.43 1.43 2.06 2.00 1.43 1.43 2.06 2.00 1.43 1.43 2.06 2.00 1.43 1.43 2.06 2.00 1.43 1.43 2.06 2.00 1.43 1.43 2.06 2.00 1.43 1.43 2.06 2.00 1.43 1.43 2.06 2.00 1.43 1.43 2.06 2.00 1.43 1.43 2.06 2.00 1.43 1.43 2.06 
1.43 2.04 1.65 1.71 1.43 2.04 1.65 1.71 1.43 2.04 1.65 1.71 1.43 2.04 1.65 1.71 1.43 2.04 1.65 1.71 1.43 2.04 1.65 1.71 1.43 2.04 1.65 1.71 1.43 2.04 1.65 1.71 1.43 2.04 1.65 1.71 1.43 2.04 1.65 1.71 1.43 2.04 1.65 1.71 1.43 2.04 1.65 1.71 1.43 2.04 1.65 1.71 1.43 2.04 1.65 1.71 1.43 2.04 1.65 1.71 1.43 2.04 1.65 1.71 
1.30 2.06 1.88 1.71 1.30 2.06 1.88 1.71 1.30 2.06 1.88 1.71 1.30 2.06 1.88 1.71 1.30 2.06 1.88 1.71 1.30 2.06 1.88 1.71 1.30 2.06 1.88 1.71 1.30 2.06 1.88 1.71 1.30 2.06 1.88 1.71 1.30 2.06 1.88 1.71 1.30 2.06 1.88 1.71 1.30 2.06 1.88 1.71 1.30 2.06 1.88 1.71 1.30 2.06 1.88 1.71 1.30 2.06 1.88 1.71 1.30 2.06 1.88 1.71 