
2.85 1.55 1.69 1.80 2.85 1.55 1.69 1.80 2.85 1.55 1.69 1.80 2.85 1.55 1.69 1.80 
2.85 1.85 1.56 1.87 2.85 1.85 1.56 1.87 2.85 1.85 1.56 1.87 2.85 1.85 1.56 1.87 
1.86 2.51 2.85 1.691.86 2.51 2.85 1.691.86 2.51 2.85 1.691.86 2.51 2.85 1.69
1.69 1.85 2.13 2.20 1.69 1.85 2.13 2.20 1.69 1.85 2.13 2.20 1.69 1.85 2.13 2.20 
1.69 1.85 1.56 1.87 1.69 1.85 1.56 1.87 1.69 1.85 1.56 1.87 1.69 1.85 1.56 1.87 
1.69 2.20 1.68 1.80 1.69 2.20 1.68 1.80 1.69 2.20 1.68 1.80 1.69 2.20 1.68 1.80 
1.27 1.85 2.13 2.20 1.27 1.85 2.13 2.20 1.27 1.85 2.13 2.20 1.27 1.85 2.13 2.20 
2.13 1.55 1.68 1.66 2.13 1.55 1.68 1.66 2.13 1.55 1.68 1.66 2.13 1.55 1.68 1.66 
1.86 1.692.85 1.66 1.86 1.692.85 1.66 1.86 1.692.85 1.66 1.86 1.692.85 1.66 
1.27 1.87 1.69 1.80 1.27 1.87 1.69 1.80 1.27 1.87 1.69 1.80 1.27 1.87 1.69 1.80 
1.27 1.80 2.13 1.87 1.27 1.80 2.13 1.87 1.27 1.80 2.13 1.87 1.27 1.80 2.13 1.87 
2.13 1.55 1.56 1.22 2.13 1.55 1.56 1.22 2.13 1.55 1.56 1.22 2.13 1.55 1.56 1.22 
2.13 1.80 1.86 2.20 2.13 1.80 1.86 2.20 2.13 1.80 1.86 2.20 2.13 1.80 1.86 2.20 
1.56 1.692.13 1.80 1.56 1.692.13 1.80 1.56 1.692.13 1.80 1.56 1.692.13 1.80 
1.56 2.20 1.86 2.51 1.56 2.20 1.86 2.51 1.56 2.20 1.86 2.51 1.56 2.20 1.86 2.51 
1.27 1.691.86 1.80 1.27 1.691.86 1.80 1.27 1.691.86 1.80 1.27 1.691.86 1.80 
1.56 1.22 1.27 1.66 1.56 1.22 1.27 1.66 1.56 1.22 1.27 1.66 1.56 1.22 1.27 1.66 
1.69 2.51 1.27 1.22 1.69 2.51 1.27 1.22 1.69 2.51 1.27 1.22 1.69 2.51 1.27 1.22 
1.27 1.692.13 1.85 1.27 1.692.13 1.85 1.27 1.692.13 1.85 1.27 1.692.13 1.85 
1.68 2.20 1.86 1.55 1.68 2.20 1.86 1.55 1.68 2.20 1.86 1.55 1.68 2.20 1.86 1.55 
1.56 2.51 1.27 1.87 1.56 2.51 1.27 1.87 1.56 2.51 1.27 1.87 1.56 2.51 1.27 1.87 
1.69 1.55 1.68 1.691.69 1.55 1.68 1.691.69 1.55 1.68 1.691.69 1.55 1.68 1.69
1.68 2.20 1.56 1.55 1.68 2.20 1.56 1.55 1.68 2.20 1.56 1.55 1.68 2.20 1.56 1.55 
1.27 1.22 1.68 2.20 1.27 1.22 1.68 2.20 1.27 1.22 1.68 2.20 1.27 1.22 1.68 2.20 
1.68 1.85 1.56 1.66 1.68 1.85 1.56 1.66 1.68 1.85 1.56 1.66 1.68 1.85 1.56 1.66 
1.86 1.55 1.56 1.80 1.86 1.55 1.56 1.80 1.86 1.55 1.56 1.80 1.86 1.55 1.56 1.80 
2.85 1.80 1.56 1.22 2.85 1.80 1.56 1.22 2.85 1.80 1.56 1.22 2.85 1.80 1.56 1.22 
2.85 2.20 2.13 1.80 2.85 2.20 2.13 1.80 2.85 2.20 2.13 1.80 2.85 2.20 2.13 1.80 
1.27 2.51 1.86 1.87 1.27 2.51 1.86 1.87 1.27 2.51 1.86 1.87 1.27 2.51 1.86 1.87 
1.56 1.87 2.85 2.51 1.56 1.87 2.85 2.51 1.56 1.87 2.85 2.51 1.56 1.87 2.85 2.51 