
1.73 2.04 1.30 1.86 1.73 2.04 1.30 1.86 1.73 2.04 1.30 1.86 1.73 2.04 1.30 1.86 1.73 2.04 1.30 1.86 1.73 2.04 1.30 1.86 1.73 2.04 1.30 1.86 1.73 2.04 1.30 1.86 1.73 2.04 1.30 1.86 1.73 2.04 1.30 1.86 1.73 2.04 1.30 1.86 1.73 2.04 1.30 1.86 1.73 2.04 1.30 1.86 1.73 2.04 1.30 1.86 1.73 2.04 1.30 1.86 1.73 2.04 1.30 1.86 
1.47 1.71 1.43 2.06 1.47 1.71 1.43 2.06 1.47 1.71 1.43 2.06 1.47 1.71 1.43 2.06 1.47 1.71 1.43 2.06 1.47 1.71 1.43 2.06 1.47 1.71 1.43 2.06 1.47 1.71 1.43 2.06 1.47 1.71 1.43 2.06 1.47 1.71 1.43 2.06 1.47 1.71 1.43 2.06 1.47 1.71 1.43 2.06 1.47 1.71 1.43 2.06 1.47 1.71 1.43 2.06 1.47 1.71 1.43 2.06 1.47 1.71 1.43 2.06 
1.65 1.43 1.73 1.71 1.65 1.43 1.73 1.71 1.65 1.43 1.73 1.71 1.65 1.43 1.73 1.71 1.65 1.43 1.73 1.71 1.65 1.43 1.73 1.71 1.65 1.43 1.73 1.71 1.65 1.43 1.73 1.71 1.65 1.43 1.73 1.71 1.65 1.43 1.73 1.71 1.65 1.43 1.73 1.71 1.65 1.43 1.73 1.71 1.65 1.43 1.73 1.71 1.65 1.43 1.73 1.71 1.65 1.43 1.73 1.71 1.65 1.43 1.73 1.71 
1.30 1.68 1.78 2.00 1.30 1.68 1.78 2.00 1.30 1.68 1.78 2.00 1.30 1.68 1.78 2.00 1.30 1.68 1.78 2.00 1.30 1.68 1.78 2.00 1.30 1.68 1.78 2.00 1.30 1.68 1.78 2.00 1.30 1.68 1.78 2.00 1.30 1.68 1.78 2.00 1.30 1.68 1.78 2.00 1.30 1.68 1.78 2.00 1.30 1.68 1.78 2.00 1.30 1.68 1.78 2.00 1.30 1.68 1.78 2.00 1.30 1.68 1.78 2.00 
1.73 2.06 0.93 1.43 1.73 2.06 0.93 1.43 1.73 2.06 0.93 1.43 1.73 2.06 0.93 1.43 1.73 2.06 0.93 1.43 1.73 2.06 0.93 1.43 1.73 2.06 0.93 1.43 1.73 2.06 0.93 1.43 1.73 2.06 0.93 1.43 1.73 2.06 0.93 1.43 1.73 2.06 0.93 1.43 1.73 2.06 0.93 1.43 1.73 2.06 0.93 1.43 1.73 2.06 0.93 1.43 1.73 2.06 0.93 1.43 1.73 2.06 0.93 1.43 
1.43 2.07 1.88 1.68 1.43 2.07 1.88 1.68 1.43 2.07 1.88 1.68 1.43 2.07 1.88 1.68 1.43 2.07 1.88 1.68 1.43 2.07 1.88 1.68 1.43 2.07 1.88 1.68 1.43 2.07 1.88 1.68 1.43 2.07 1.88 1.68 1.43 2.07 1.88 1.68 1.43 2.07 1.88 1.68 1.43 2.07 1.88 1.68 1.43 2.07 1.88 1.68 1.43 2.07 1.88 1.68 1.43 2.07 1.88 1.68 1.43 2.07 1.88 1.68 
1.47 2.06 0.93 2.07 1.47 2.06 0.93 2.07 1.47 2.06 0.93 2.07 1.47 2.06 0.93 2.07 1.47 2.06 0.93 2.07 1.47 2.06 0.93 2.07 1.47 2.06 0.93 2.07 1.47 2.06 0.93 2.07 1.47 2.06 0.93 2.07 1.47 2.06 0.93 2.07 1.47 2.06 0.93 2.07 1.47 2.06 0.93 2.07 1.47 2.06 0.93 2.07 1.47 2.06 0.93 2.07 1.47 2.06 0.93 2.07 1.47 2.06 0.93 2.07 
0.93 1.43 1.73 2.00 0.93 1.43 1.73 2.00 0.93 1.43 1.73 2.00 0.93 1.43 1.73 2.00 0.93 1.43 1.73 2.00 0.93 1.43 1.73 2.00 0.93 1.43 1.73 2.00 0.93 1.43 1.73 2.00 0.93 1.43 1.73 2.00 0.93 1.43 1.73 2.00 0.93 1.43 1.73 2.00 0.93 1.43 1.73 2.00 0.93 1.43 1.73 2.00 0.93 1.43 1.73 2.00 0.93 1.43 1.73 2.00 0.93 1.43 1.73 2.00 
1.78 2.04 1.30 1.25 1.78 2.04 1.30 1.25 1.78 2.04 1.30 1.25 1.78 2.04 1.30 1.25 1.78 2.04 1.30 1.25 1.78 2.04 1.30 1.25 1.78 2.04 1.30 1.25 1.78 2.04 1.30 1.25 1.78 2.04 1.30 1.25 1.78 2.04 1.30 1.25 1.78 2.04 1.30 1.25 1.78 2.04 1.30 1.25 1.78 2.04 1.30 1.25 1.78 2.04 1.30 1.25 1.78 2.04 1.30 1.25 1.78 2.04 1.30 1.25 
1.47 2.04 1.65 1.70 1.47 2.04 1.65 1.70 1.47 2.04 1.65 1.70 1.47 2.04 1.65 1.70 1.47 2.04 1.65 1.70 1.47 2.04 1.65 1.70 1.47 2.04 1.65 1.70 1.47 2.04 1.65 1.70 1.47 2.04 1.65 1.70 1.47 2.04 1.65 1.70 1.47 2.04 1.65 1.70 1.47 2.04 1.65 1.70 1.47 2.04 1.65 1.70 1.47 2.04 1.65 1.70 1.47 2.04 1.65 1.70 1.47 2.04 1.65 1.70 
2.00 2.04 1.30 1.86 2.00 2.04 1.30 1.86 2.00 2.04 1.30 1.86 2.00 2.04 1.30 1.86 2.00 2.04 1.30 1.86 2.00 2.04 1.30 1.86 2.00 2.04 1.30 1.86 2.00 2.04 1.30 1.86 2.00 2.04 1.30 1.86 2.00 2.04 1.30 1.86 2.00 2.04 1.30 1.86 2.00 2.04 1.30 1.86 2.00 2.04 1.30 1.86 2.00 2.04 1.30 1.86 2.00 2.04 1.30 1.86 2.00 2.04 1.30 1.86 
1.65 2.07 1.88 2.04 1.65 2.07 1.88 2.04 1.65 2.07 1.88 2.04 1.65 2.07 1.88 2.04 1.65 2.07 1.88 2.04 1.65 2.07 1.88 2.04 1.65 2.07 1.88 2.04 1.65 2.07 1.88 2.04 1.65 2.07 1.88 2.04 1.65 2.07 1.88 2.04 1.65 2.07 1.88 2.04 1.65 2.07 1.88 2.04 1.65 2.07 1.88 2.04 1.65 2.07 1.88 2.04 1.65 2.07 1.88 2.04 1.65 2.07 1.88 2.04 
2.00 2.07 1.30 2.00 2.00 2.07 1.30 2.00 2.00 2.07 1.30 2.00 2.00 2.07 1.30 2.00 2.00 2.07 1.30 2.00 2.00 2.07 1.30 2.00 2.00 2.07 1.30 2.00 2.00 2.07 1.30 2.00 2.00 2.07 1.30 2.00 2.00 2.07 1.30 2.00 2.00 2.07 1.30 2.00 2.00 2.07 1.30 2.00 2.00 2.07 1.30 2.00 2.00 2.07 1.30 2.00 2.00 2.07 1.30 2.00 2.00 2.07 1.30 2.00 
1.47 1.43 2.00 2.04 1.47 1.43 2.00 2.04 1.47 1.43 2.00 2.04 1.47 1.43 2.00 2.04 1.47 1.43 2.00 2.04 1.47 1.43 2.00 2.04 1.47 1.43 2.00 2.04 1.47 1.43 2.00 2.04 1.47 1.43 2.00 2.04 1.47 1.43 2.00 2.04 1.47 1.43 2.00 2.04 1.47 1.43 2.00 2.04 1.47 1.43 2.00 2.04 1.47 1.43 2.00 2.04 1.47 1.43 2.00 2.04 1.47 1.43 2.00 2.04 
2.00 2.04 1.43 2.07 2.00 2.04 1.43 2.07 2.00 2.04 1.43 2.07 2.00 2.04 1.43 2.07 2.00 2.04 1.43 2.07 2.00 2.04 1.43 2.07 2.00 2.04 1.43 2.07 2.00 2.04 1.43 2.07 2.00 2.04 1.43 2.07 2.00 2.04 1.43 2.07 2.00 2.04 1.43 2.07 2.00 2.04 1.43 2.07 2.00 2.04 1.43 2.07 2.00 2.04 1.43 2.07 2.00 2.04 1.43 2.07 2.00 2.04 1.43 2.07 
1.30 1.71 1.73 2.06 1.30 1.71 1.73 2.06 1.30 1.71 1.73 2.06 1.30 1.71 1.73 2.06 1.30 1.71 1.73 2.06 1.30 1.71 1.73 2.06 1.30 1.71 1.73 2.06 1.30 1.71 1.73 2.06 1.30 1.71 1.73 2.06 1.30 1.71 1.73 2.06 1.30 1.71 1.73 2.06 1.30 1.71 1.73 2.06 1.30 1.71 1.73 2.06 1.30 1.71 1.73 2.06 1.30 1.71 1.73 2.06 1.30 1.71 1.73 2.06 
1.30 1.25 1.47 1.68 1.30 1.25 1.47 1.68 1.30 1.25 1.47 1.68 1.30 1.25 1.47 1.68 1.30 1.25 1.47 1.68 1.30 1.25 1.47 1.68 1.30 1.25 1.47 1.68 1.30 1.25 1.47 1.68 1.30 1.25 1.47 1.68 1.30 1.25 1.47 1.68 1.30 1.25 1.47 1.68 1.30 1.25 1.47 1.68 1.30 1.25 1.47 1.68 1.30 1.25 1.47 1.68 1.30 1.25 1.47 1.68 1.30 1.25 1.47 1.68 
0.93 1.71 2.00 2.07 0.93 1.71 2.00 2.07 0.93 1.71 2.00 2.07 0.93 1.71 2.00 2.07 0.93 1.71 2.00 2.07 0.93 1.71 2.00 2.07 0.93 1.71 2.00 2.07 0.93 1.71 2.00 2.07 0.93 1.71 2.00 2.07 0.93 1.71 2.00 2.07 0.93 1.71 2.00 2.07 0.93 1.71 2.00 2.07 0.93 1.71 2.00 2.07 0.93 1.71 2.00 2.07 0.93 1.71 2.00 2.07 0.93 1.71 2.00 2.07 
1.73 2.07 1.65 2.04 1.73 2.07 1.65 2.04 1.73 2.07 1.65 2.04 1.73 2.07 1.65 2.04 1.73 2.07 1.65 2.04 1.73 2.07 1.65 2.04 1.73 2.07 1.65 2.04 1.73 2.07 1.65 2.04 1.73 2.07 1.65 2.04 1.73 2.07 1.65 2.04 1.73 2.07 1.65 2.04 1.73 2.07 1.65 2.04 1.73 2.07 1.65 2.04 1.73 2.07 1.65 2.04 1.73 2.07 1.65 2.04 1.73 2.07 1.65 2.04 
1.47 1.43 1.43 1.86 1.47 1.43 1.43 1.86 1.47 1.43 1.43 1.86 1.47 1.43 1.43 1.86 1.47 1.43 1.43 1.86 1.47 1.43 1.43 1.86 1.47 1.43 1.43 1.86 1.47 1.43 1.43 1.86 1.47 1.43 1.43 1.86 1.47 1.43 1.43 1.86 1.47 1.43 1.43 1.86 1.47 1.43 1.43 1.86 1.47 1.43 1.43 1.86 1.47 1.43 1.43 1.86 1.47 1.43 1.43 1.86 1.47 1.43 1.43 1.86 
1.47 2.06 1.65 2.00 1.47 2.06 1.65 2.00 1.47 2.06 1.65 2.00 1.47 2.06 1.65 2.00 1.47 2.06 1.65 2.00 1.47 2.06 1.65 2.00 1.47 2.06 1.65 2.00 1.47 2.06 1.65 2.00 1.47 2.06 1.65 2.00 1.47 2.06 1.65 2.00 1.47 2.06 1.65 2.00 1.47 2.06 1.65 2.00 1.47 2.06 1.65 2.00 1.47 2.06 1.65 2.00 1.47 2.06 1.65 2.00 1.47 2.06 1.65 2.00 
1.47 1.25 1.73 1.70 1.47 1.25 1.73 1.70 1.47 1.25 1.73 1.70 1.47 1.25 1.73 1.70 1.47 1.25 1.73 1.70 1.47 1.25 1.73 1.70 1.47 1.25 1.73 1.70 1.47 1.25 1.73 1.70 1.47 1.25 1.73 1.70 1.47 1.25 1.73 1.70 1.47 1.25 1.73 1.70 1.47 1.25 1.73 1.70 1.47 1.25 1.73 1.70 1.47 1.25 1.73 1.70 1.47 1.25 1.73 1.70 1.47 1.25 1.73 1.70 
1.88 2.06 1.65 1.25 1.88 2.06 1.65 1.25 1.88 2.06 1.65 1.25 1.88 2.06 1.65 1.25 1.88 2.06 1.65 1.25 1.88 2.06 1.65 1.25 1.88 2.06 1.65 1.25 1.88 2.06 1.65 1.25 1.88 2.06 1.65 1.25 1.88 2.06 1.65 1.25 1.88 2.06 1.65 1.25 1.88 2.06 1.65 1.25 1.88 2.06 1.65 1.25 1.88 2.06 1.65 1.25 1.88 2.06 1.65 1.25 1.88 2.06 1.65 1.25 
1.47 2.06 1.88 2.00 1.47 2.06 1.88 2.00 1.47 2.06 1.88 2.00 1.47 2.06 1.88 2.00 1.47 2.06 1.88 2.00 1.47 2.06 1.88 2.00 1.47 2.06 1.88 2.00 1.47 2.06 1.88 2.00 1.47 2.06 1.88 2.00 1.47 2.06 1.88 2.00 1.47 2.06 1.88 2.00 1.47 2.06 1.88 2.00 1.47 2.06 1.88 2.00 1.47 2.06 1.88 2.00 1.47 2.06 1.88 2.00 1.47 2.06 1.88 2.00 
1.88 2.07 1.30 1.86 1.88 2.07 1.30 1.86 1.88 2.07 1.30 1.86 1.88 2.07 1.30 1.86 1.88 2.07 1.30 1.86 1.88 2.07 1.30 1.86 1.88 2.07 1.30 1.86 1.88 2.07 1.30 1.86 1.88 2.07 1.30 1.86 1.88 2.07 1.30 1.86 1.88 2.07 1.30 1.86 1.88 2.07 1.30 1.86 1.88 2.07 1.30 1.86 1.88 2.07 1.30 1.86 1.88 2.07 1.30 1.86 1.88 2.07 1.30 1.86 
1.47 1.71 1.43 1.43 1.47 1.71 1.43 1.43 1.47 1.71 1.43 1.43 1.47 1.71 1.43 1.43 1.47 1.71 1.43 1.43 1.47 1.71 1.43 1.43 1.47 1.71 1.43 1.43 1.47 1.71 1.43 1.43 1.47 1.71 1.43 1.43 1.47 1.71 1.43 1.43 1.47 1.71 1.43 1.43 1.47 1.71 1.43 1.43 1.47 1.71 1.43 1.43 1.47 1.71 1.43 1.43 1.47 1.71 1.43 1.43 1.47 1.71 1.43 1.43 
1.30 1.71 1.65 2.04 1.30 1.71 1.65 2.04 1.30 1.71 1.65 2.04 1.30 1.71 1.65 2.04 1.30 1.71 1.65 2.04 1.30 1.71 1.65 2.04 1.30 1.71 1.65 2.04 1.30 1.71 1.65 2.04 1.30 1.71 1.65 2.04 1.30 1.71 1.65 2.04 1.30 1.71 1.65 2.04 1.30 1.71 1.65 2.04 1.30 1.71 1.65 2.04 1.30 1.71 1.65 2.04 1.30 1.71 1.65 2.04 1.30 1.71 1.65 2.04 
0.93 2.04 1.47 2.00 0.93 2.04 1.47 2.00 0.93 2.04 1.47 2.00 0.93 2.04 1.47 2.00 0.93 2.04 1.47 2.00 0.93 2.04 1.47 2.00 0.93 2.04 1.47 2.00 0.93 2.04 1.47 2.00 0.93 2.04 1.47 2.00 0.93 2.04 1.47 2.00 0.93 2.04 1.47 2.00 0.93 2.04 1.47 2.00 0.93 2.04 1.47 2.00 0.93 2.04 1.47 2.00 0.93 2.04 1.47 2.00 0.93 2.04 1.47 2.00 
1.43 1.68 1.88 2.04 1.43 1.68 1.88 2.04 1.43 1.68 1.88 2.04 1.43 1.68 1.88 2.04 1.43 1.68 1.88 2.04 1.43 1.68 1.88 2.04 1.43 1.68 1.88 2.04 1.43 1.68 1.88 2.04 1.43 1.68 1.88 2.04 1.43 1.68 1.88 2.04 1.43 1.68 1.88 2.04 1.43 1.68 1.88 2.04 1.43 1.68 1.88 2.04 1.43 1.68 1.88 2.04 1.43 1.68 1.88 2.04 1.43 1.68 1.88 2.04 
1.73 1.70 1.47 2.07 1.73 1.70 1.47 2.07 1.73 1.70 1.47 2.07 1.73 1.70 1.47 2.07 1.73 1.70 1.47 2.07 1.73 1.70 1.47 2.07 1.73 1.70 1.47 2.07 1.73 1.70 1.47 2.07 1.73 1.70 1.47 2.07 1.73 1.70 1.47 2.07 1.73 1.70 1.47 2.07 1.73 1.70 1.47 2.07 1.73 1.70 1.47 2.07 1.73 1.70 1.47 2.07 1.73 1.70 1.47 2.07 1.73 1.70 1.47 2.07 