
2.16 1.83 2.17 1.91 2.16 1.83 2.17 1.91 2.16 1.83 2.17 1.91 2.16 1.83 2.17 1.91 
1.87 2.33 2.65 1.60 1.87 2.33 2.65 1.60 1.87 2.33 2.65 1.60 1.87 2.33 2.65 1.60 
1.85 1.83 2.08 2.04 1.85 1.83 2.08 2.04 1.85 1.83 2.08 2.04 1.85 1.83 2.08 2.04 
2.04 1.91 2.36 1.85 2.04 1.91 2.36 1.85 2.04 1.91 2.36 1.85 2.04 1.91 2.36 1.85 
2.92 1.91 1.60 2.73 2.92 1.91 1.60 2.73 2.92 1.91 1.60 2.73 2.92 1.91 1.60 2.73 
2.51 2.73 2.16 2.13 2.51 2.73 2.16 2.13 2.51 2.73 2.16 2.13 2.51 2.73 2.16 2.13 
1.88 1.38 2.13 2.33 1.88 1.38 2.13 2.33 1.88 1.38 2.13 2.33 1.88 1.38 2.13 2.33 
1.87 1.77 1.38 2.18 1.87 1.77 1.38 2.18 1.87 1.77 1.38 2.18 1.87 1.77 1.38 2.18 
2.02 2.16 1.91 2.33 2.02 2.16 1.91 2.33 2.02 2.16 1.91 2.33 2.02 2.16 1.91 2.33 
1.85 2.36 2.51 2.08 1.85 2.36 2.51 2.08 1.85 2.36 2.51 2.08 1.85 2.36 2.51 2.08 
2.04 2.73 2.75 1.88 2.04 2.73 2.75 1.88 2.04 2.73 2.75 1.88 2.04 2.73 2.75 1.88 
2.18 2.36 2.04 1.33 2.18 2.36 2.04 1.33 2.18 2.36 2.04 1.33 2.18 2.36 2.04 1.33 
1.83 1.91 2.04 1.91 1.83 1.91 2.04 1.91 1.83 1.91 2.04 1.91 1.83 1.91 2.04 1.91 
1.33 2.75 1.73 1.87 1.33 2.75 1.73 1.87 1.33 2.75 1.73 1.87 1.33 2.75 1.73 1.87 
2.73 1.38 2.02 2.18 2.73 1.38 2.02 2.18 2.73 1.38 2.02 2.18 2.73 1.38 2.02 2.18 
2.75 2.73 1.83 1.85 2.75 2.73 1.83 1.85 2.75 2.73 1.83 1.85 2.75 2.73 1.83 1.85 
2.51 2.18 1.91 1.73 2.51 2.18 1.91 1.73 2.51 2.18 1.91 1.73 2.51 2.18 1.91 1.73 
1.88 2.33 2.73 2.18 1.88 2.33 2.73 2.18 1.88 2.33 2.73 2.18 1.88 2.33 2.73 2.18 
2.08 2.73 1.91 2.65 2.08 2.73 1.91 2.65 2.08 2.73 1.91 2.65 2.08 2.73 1.91 2.65 
2.51 2.04 1.60 1.87 2.51 2.04 1.60 1.87 2.51 2.04 1.60 1.87 2.51 2.04 1.60 1.87 
1.38 2.17 1.77 2.18 1.38 2.17 1.77 2.18 1.38 2.17 1.77 2.18 1.38 2.17 1.77 2.18 
1.73 2.04 2.02 1.60 1.73 2.04 2.02 1.60 1.73 2.04 2.02 1.60 1.73 2.04 2.02 1.60 
1.33 1.91 1.60 2.75 1.33 1.91 1.60 2.75 1.33 1.91 1.60 2.75 1.33 1.91 1.60 2.75 
1.60 2.33 2.75 1.91 1.60 2.33 2.75 1.91 1.60 2.33 2.75 1.91 1.60 2.33 2.75 1.91 
1.87 1.33 1.73 2.02 1.87 1.33 1.73 2.02 1.87 1.33 1.73 2.02 1.87 1.33 1.73 2.02 
1.77 1.33 1.91 2.18 1.77 1.33 1.91 2.18 1.77 1.33 1.91 2.18 1.77 1.33 1.91 2.18 
2.16 2.73 2.13 1.85 2.16 2.73 2.13 1.85 2.16 2.73 2.13 1.85 2.16 2.73 2.13 1.85 
1.33 2.04 2.13 2.16 1.33 2.04 2.13 2.16 1.33 2.04 2.13 2.16 1.33 2.04 2.13 2.16 
2.16 2.17 1.33 1.88 2.16 2.17 1.33 1.88 2.16 2.17 1.33 1.88 2.16 2.17 1.33 1.88 
1.60 1.73 2.33 2.17 1.60 1.73 2.33 2.17 1.60 1.73 2.33 2.17 1.60 1.73 2.33 2.17 