
1.33 2.65 1.77 2.16 1.33 2.65 1.77 2.16 1.33 2.65 1.77 2.16 1.33 2.65 1.77 2.16 
2.73 1.77 2.16 1.91 2.73 1.77 2.16 1.91 2.73 1.77 2.16 1.91 2.73 1.77 2.16 1.91 
1.33 2.73 2.16 2.08 1.33 2.73 2.16 2.08 1.33 2.73 2.16 2.08 1.33 2.73 2.16 2.08 
1.91 2.65 2.08 2.73 1.91 2.65 2.08 2.73 1.91 2.65 2.08 2.73 1.91 2.65 2.08 2.73 
1.91 2.65 2.75 2.16 1.91 2.65 2.75 2.16 1.91 2.65 2.75 2.16 1.91 2.65 2.75 2.16 
2.16 1.91 2.75 1.77 2.16 1.91 2.75 1.77 2.16 1.91 2.75 1.77 2.16 1.91 2.75 1.77 
2.73 2.08 2.75 1.77 2.73 2.08 2.75 1.77 2.73 2.08 2.75 1.77 2.73 2.08 2.75 1.77 
2.08 2.73 1.77 1.33 2.08 2.73 1.77 1.33 2.08 2.73 1.77 1.33 2.08 2.73 1.77 1.33 
2.08 1.91 2.65 1.33 2.08 1.91 2.65 1.33 2.08 1.91 2.65 1.33 2.08 1.91 2.65 1.33 
1.33 2.65 2.16 2.73 1.33 2.65 2.16 2.73 1.33 2.65 2.16 2.73 1.33 2.65 2.16 2.73 
2.73 1.33 2.75 2.16 2.73 1.33 2.75 2.16 2.73 1.33 2.75 2.16 2.73 1.33 2.75 2.16 
2.65 1.77 2.08 1.33 2.65 1.77 2.08 1.33 2.65 1.77 2.08 1.33 2.65 1.77 2.08 1.33 
2.65 2.75 2.16 2.08 2.65 2.75 2.16 2.08 2.65 2.75 2.16 2.08 2.65 2.75 2.16 2.08 
2.08 2.73 1.91 1.33 2.08 2.73 1.91 1.33 2.08 2.73 1.91 1.33 2.08 2.73 1.91 1.33 
2.16 2.65 2.08 1.33 2.16 2.65 2.08 1.33 2.16 2.65 2.08 1.33 2.16 2.65 2.08 1.33 
1.91 2.16 2.73 1.77 1.91 2.16 2.73 1.77 1.91 2.16 2.73 1.77 1.91 2.16 2.73 1.77 
1.77 2.16 1.91 1.33 1.77 2.16 1.91 1.33 1.77 2.16 1.91 1.33 1.77 2.16 1.91 1.33 
2.73 2.65 2.16 1.91 2.73 2.65 2.16 1.91 2.73 2.65 2.16 1.91 2.73 2.65 2.16 1.91 
2.08 2.73 2.16 2.65 2.08 2.73 2.16 2.65 2.08 2.73 2.16 2.65 2.08 2.73 2.16 2.65 
1.77 2.75 2.65 2.08 1.77 2.75 2.65 2.08 1.77 2.75 2.65 2.08 1.77 2.75 2.65 2.08 
2.16 2.75 2.65 2.73 2.16 2.75 2.65 2.73 2.16 2.75 2.65 2.73 2.16 2.75 2.65 2.73 
2.08 1.91 2.16 1.77 2.08 1.91 2.16 1.77 2.08 1.91 2.16 1.77 2.08 1.91 2.16 1.77 
2.65 1.77 2.08 2.16 2.65 1.77 2.08 2.16 2.65 1.77 2.08 2.16 2.65 1.77 2.08 2.16 
1.91 2.73 2.65 2.16 1.91 2.73 2.65 2.16 1.91 2.73 2.65 2.16 1.91 2.73 2.65 2.16 
1.91 2.08 2.65 2.75 1.91 2.08 2.65 2.75 1.91 2.08 2.65 2.75 1.91 2.08 2.65 2.75 
1.77 2.65 2.73 1.33 1.77 2.65 2.73 1.33 1.77 2.65 2.73 1.33 1.77 2.65 2.73 1.33 
2.75 1.33 1.77 2.73 2.75 1.33 1.77 2.73 2.75 1.33 1.77 2.73 2.75 1.33 1.77 2.73 
2.65 1.77 2.75 1.33 2.65 1.77 2.75 1.33 2.65 1.77 2.75 1.33 2.65 1.77 2.75 1.33 
2.16 2.73 1.91 2.65 2.16 2.73 1.91 2.65 2.16 2.73 1.91 2.65 2.16 2.73 1.91 2.65 
2.73 2.08 2.16 1.77 2.73 2.08 2.16 1.77 2.73 2.08 2.16 1.77 2.73 2.08 2.16 1.77 