
1.87 2.92 1.85 1.71 1.87 2.92 1.85 1.71 1.87 2.92 1.85 1.71 1.87 2.92 1.85 1.71 
1.88 1.38 1.71 2.04 1.88 1.38 1.71 2.04 1.88 1.38 1.71 2.04 1.88 1.38 1.71 2.04 
2.33 2.18 2.51 2.04 2.33 2.18 2.51 2.04 2.33 2.18 2.51 2.04 2.33 2.18 2.51 2.04 
1.73 2.13 2.92 2.04 1.73 2.13 2.92 2.04 1.73 2.13 2.92 2.04 1.73 2.13 2.92 2.04 
2.13 2.92 1.83 1.87 2.13 2.92 1.83 1.87 2.13 2.92 1.83 1.87 2.13 2.92 1.83 1.87 
1.83 2.33 1.60 1.85 1.83 2.33 1.60 1.85 1.83 2.33 1.60 1.85 1.83 2.33 1.60 1.85 
2.17 2.02 2.13 2.36 2.17 2.02 2.13 2.36 2.17 2.02 2.13 2.36 2.17 2.02 2.13 2.36 
2.92 1.91 2.18 1.83 2.92 1.91 2.18 1.83 2.92 1.91 2.18 1.83 2.92 1.91 2.18 1.83 
2.17 2.02 1.87 2.33 2.17 2.02 1.87 2.33 2.17 2.02 1.87 2.33 2.17 2.02 1.87 2.33 
1.91 2.17 1.88 1.85 1.91 2.17 1.88 1.85 1.91 2.17 1.88 1.85 1.91 2.17 1.88 1.85 
2.17 1.73 1.71 1.85 2.17 1.73 1.71 1.85 2.17 1.73 1.71 1.85 2.17 1.73 1.71 1.85 
1.83 1.60 2.18 1.91 1.83 1.60 2.18 1.91 1.83 1.60 2.18 1.91 1.83 1.60 2.18 1.91 
2.33 1.60 2.02 2.92 2.33 1.60 2.02 2.92 2.33 1.60 2.02 2.92 2.33 1.60 2.02 2.92 
2.51 2.33 2.18 1.91 2.51 2.33 2.18 1.91 2.51 2.33 2.18 1.91 2.51 2.33 2.18 1.91 
1.87 1.85 2.36 1.83 1.87 1.85 2.36 1.83 1.87 1.85 2.36 1.83 1.87 1.85 2.36 1.83 
2.51 1.88 1.91 1.83 2.51 1.88 1.91 1.83 2.51 1.88 1.91 1.83 2.51 1.88 1.91 1.83 
1.87 2.33 2.04 2.13 1.87 2.33 2.04 2.13 1.87 2.33 2.04 2.13 1.87 2.33 2.04 2.13 
2.18 2.17 2.13 2.04 2.18 2.17 2.13 2.04 2.18 2.17 2.13 2.04 2.18 2.17 2.13 2.04 
2.04 2.18 1.87 2.17 2.04 2.18 1.87 2.17 2.04 2.18 1.87 2.17 2.04 2.18 1.87 2.17 
1.88 1.85 1.60 1.91 1.88 1.85 1.60 1.91 1.88 1.85 1.60 1.91 1.88 1.85 1.60 1.91 
2.92 2.17 2.36 1.83 2.92 2.17 2.36 1.83 2.92 2.17 2.36 1.83 2.92 2.17 2.36 1.83 
2.02 2.17 2.13 1.83 2.02 2.17 2.13 1.83 2.02 2.17 2.13 1.83 2.02 2.17 2.13 1.83 
1.60 2.04 1.71 2.13 1.60 2.04 1.71 2.13 1.60 2.04 1.71 2.13 1.60 2.04 1.71 2.13 
2.13 1.73 1.71 1.38 2.13 1.73 1.71 1.38 2.13 1.73 1.71 1.38 2.13 1.73 1.71 1.38 
2.36 1.71 2.51 2.17 2.36 1.71 2.51 2.17 2.36 1.71 2.51 2.17 2.36 1.71 2.51 2.17 
1.83 2.17 2.02 1.87 1.83 2.17 2.02 1.87 1.83 2.17 2.02 1.87 1.83 2.17 2.02 1.87 
1.88 2.33 1.60 2.04 1.88 2.33 1.60 2.04 1.88 2.33 1.60 2.04 1.88 2.33 1.60 2.04 
1.91 1.73 1.38 2.18 1.91 1.73 1.38 2.18 1.91 1.73 1.38 2.18 1.91 1.73 1.38 2.18 
2.18 1.83 2.51 2.17 2.18 1.83 2.51 2.17 2.18 1.83 2.51 2.17 2.18 1.83 2.51 2.17 
1.83 2.36 2.18 2.92 1.83 2.36 2.18 2.92 1.83 2.36 2.18 2.92 1.83 2.36 2.18 2.92 