
1.62 1.77 1.52 2.01 1.62 1.77 1.52 2.01 1.62 1.77 1.52 2.01 1.62 1.77 1.52 2.01 1.62 1.77 1.52 2.01 1.62 1.77 1.52 2.01 1.62 1.77 1.52 2.01 1.62 1.77 1.52 2.01 1.62 1.77 1.52 2.01 1.62 1.77 1.52 2.01 1.62 1.77 1.52 2.01 1.62 1.77 1.52 2.01 1.62 1.77 1.52 2.01 1.62 1.77 1.52 2.01 1.62 1.77 1.52 2.01 1.62 1.77 1.52 2.01 
1.52 1.77 2.27 1.67 1.52 1.77 2.27 1.67 1.52 1.77 2.27 1.67 1.52 1.77 2.27 1.67 1.52 1.77 2.27 1.67 1.52 1.77 2.27 1.67 1.52 1.77 2.27 1.67 1.52 1.77 2.27 1.67 1.52 1.77 2.27 1.67 1.52 1.77 2.27 1.67 1.52 1.77 2.27 1.67 1.52 1.77 2.27 1.67 1.52 1.77 2.27 1.67 1.52 1.77 2.27 1.67 1.52 1.77 2.27 1.67 1.52 1.77 2.27 1.67 
1.67 1.62 2.01 1.52 1.67 1.62 2.01 1.52 1.67 1.62 2.01 1.52 1.67 1.62 2.01 1.52 1.67 1.62 2.01 1.52 1.67 1.62 2.01 1.52 1.67 1.62 2.01 1.52 1.67 1.62 2.01 1.52 1.67 1.62 2.01 1.52 1.67 1.62 2.01 1.52 1.67 1.62 2.01 1.52 1.67 1.62 2.01 1.52 1.67 1.62 2.01 1.52 1.67 1.62 2.01 1.52 1.67 1.62 2.01 1.52 1.67 1.62 2.01 1.52 
2.01 1.26 1.77 1.62 2.01 1.26 1.77 1.62 2.01 1.26 1.77 1.62 2.01 1.26 1.77 1.62 2.01 1.26 1.77 1.62 2.01 1.26 1.77 1.62 2.01 1.26 1.77 1.62 2.01 1.26 1.77 1.62 2.01 1.26 1.77 1.62 2.01 1.26 1.77 1.62 2.01 1.26 1.77 1.62 2.01 1.26 1.77 1.62 2.01 1.26 1.77 1.62 2.01 1.26 1.77 1.62 2.01 1.26 1.77 1.62 2.01 1.26 1.77 1.62 
1.77 1.67 2.01 1.26 1.77 1.67 2.01 1.26 1.77 1.67 2.01 1.26 1.77 1.67 2.01 1.26 1.77 1.67 2.01 1.26 1.77 1.67 2.01 1.26 1.77 1.67 2.01 1.26 1.77 1.67 2.01 1.26 1.77 1.67 2.01 1.26 1.77 1.67 2.01 1.26 1.77 1.67 2.01 1.26 1.77 1.67 2.01 1.26 1.77 1.67 2.01 1.26 1.77 1.67 2.01 1.26 1.77 1.67 2.01 1.26 1.77 1.67 2.01 1.26 
1.26 1.52 1.62 1.67 1.26 1.52 1.62 1.67 1.26 1.52 1.62 1.67 1.26 1.52 1.62 1.67 1.26 1.52 1.62 1.67 1.26 1.52 1.62 1.67 1.26 1.52 1.62 1.67 1.26 1.52 1.62 1.67 1.26 1.52 1.62 1.67 1.26 1.52 1.62 1.67 1.26 1.52 1.62 1.67 1.26 1.52 1.62 1.67 1.26 1.52 1.62 1.67 1.26 1.52 1.62 1.67 1.26 1.52 1.62 1.67 1.26 1.52 1.62 1.67 
1.77 2.27 1.67 1.62 1.77 2.27 1.67 1.62 1.77 2.27 1.67 1.62 1.77 2.27 1.67 1.62 1.77 2.27 1.67 1.62 1.77 2.27 1.67 1.62 1.77 2.27 1.67 1.62 1.77 2.27 1.67 1.62 1.77 2.27 1.67 1.62 1.77 2.27 1.67 1.62 1.77 2.27 1.67 1.62 1.77 2.27 1.67 1.62 1.77 2.27 1.67 1.62 1.77 2.27 1.67 1.62 1.77 2.27 1.67 1.62 1.77 2.27 1.67 1.62 
2.27 1.77 1.62 1.52 2.27 1.77 1.62 1.52 2.27 1.77 1.62 1.52 2.27 1.77 1.62 1.52 2.27 1.77 1.62 1.52 2.27 1.77 1.62 1.52 2.27 1.77 1.62 1.52 2.27 1.77 1.62 1.52 2.27 1.77 1.62 1.52 2.27 1.77 1.62 1.52 2.27 1.77 1.62 1.52 2.27 1.77 1.62 1.52 2.27 1.77 1.62 1.52 2.27 1.77 1.62 1.52 2.27 1.77 1.62 1.52 2.27 1.77 1.62 1.52 
1.26 2.27 1.67 1.62 1.26 2.27 1.67 1.62 1.26 2.27 1.67 1.62 1.26 2.27 1.67 1.62 1.26 2.27 1.67 1.62 1.26 2.27 1.67 1.62 1.26 2.27 1.67 1.62 1.26 2.27 1.67 1.62 1.26 2.27 1.67 1.62 1.26 2.27 1.67 1.62 1.26 2.27 1.67 1.62 1.26 2.27 1.67 1.62 1.26 2.27 1.67 1.62 1.26 2.27 1.67 1.62 1.26 2.27 1.67 1.62 1.26 2.27 1.67 1.62 
1.62 2.27 1.26 1.52 1.62 2.27 1.26 1.52 1.62 2.27 1.26 1.52 1.62 2.27 1.26 1.52 1.62 2.27 1.26 1.52 1.62 2.27 1.26 1.52 1.62 2.27 1.26 1.52 1.62 2.27 1.26 1.52 1.62 2.27 1.26 1.52 1.62 2.27 1.26 1.52 1.62 2.27 1.26 1.52 1.62 2.27 1.26 1.52 1.62 2.27 1.26 1.52 1.62 2.27 1.26 1.52 1.62 2.27 1.26 1.52 1.62 2.27 1.26 1.52 
1.67 2.27 1.52 2.01 1.67 2.27 1.52 2.01 1.67 2.27 1.52 2.01 1.67 2.27 1.52 2.01 1.67 2.27 1.52 2.01 1.67 2.27 1.52 2.01 1.67 2.27 1.52 2.01 1.67 2.27 1.52 2.01 1.67 2.27 1.52 2.01 1.67 2.27 1.52 2.01 1.67 2.27 1.52 2.01 1.67 2.27 1.52 2.01 1.67 2.27 1.52 2.01 1.67 2.27 1.52 2.01 1.67 2.27 1.52 2.01 1.67 2.27 1.52 2.01 
1.52 1.62 2.27 2.01 1.52 1.62 2.27 2.01 1.52 1.62 2.27 2.01 1.52 1.62 2.27 2.01 1.52 1.62 2.27 2.01 1.52 1.62 2.27 2.01 1.52 1.62 2.27 2.01 1.52 1.62 2.27 2.01 1.52 1.62 2.27 2.01 1.52 1.62 2.27 2.01 1.52 1.62 2.27 2.01 1.52 1.62 2.27 2.01 1.52 1.62 2.27 2.01 1.52 1.62 2.27 2.01 1.52 1.62 2.27 2.01 1.52 1.62 2.27 2.01 
1.67 1.62 1.26 2.27 1.67 1.62 1.26 2.27 1.67 1.62 1.26 2.27 1.67 1.62 1.26 2.27 1.67 1.62 1.26 2.27 1.67 1.62 1.26 2.27 1.67 1.62 1.26 2.27 1.67 1.62 1.26 2.27 1.67 1.62 1.26 2.27 1.67 1.62 1.26 2.27 1.67 1.62 1.26 2.27 1.67 1.62 1.26 2.27 1.67 1.62 1.26 2.27 1.67 1.62 1.26 2.27 1.67 1.62 1.26 2.27 1.67 1.62 1.26 2.27 
1.26 1.77 1.67 1.62 1.26 1.77 1.67 1.62 1.26 1.77 1.67 1.62 1.26 1.77 1.67 1.62 1.26 1.77 1.67 1.62 1.26 1.77 1.67 1.62 1.26 1.77 1.67 1.62 1.26 1.77 1.67 1.62 1.26 1.77 1.67 1.62 1.26 1.77 1.67 1.62 1.26 1.77 1.67 1.62 1.26 1.77 1.67 1.62 1.26 1.77 1.67 1.62 1.26 1.77 1.67 1.62 1.26 1.77 1.67 1.62 1.26 1.77 1.67 1.62 
1.52 1.26 1.67 2.27 1.52 1.26 1.67 2.27 1.52 1.26 1.67 2.27 1.52 1.26 1.67 2.27 1.52 1.26 1.67 2.27 1.52 1.26 1.67 2.27 1.52 1.26 1.67 2.27 1.52 1.26 1.67 2.27 1.52 1.26 1.67 2.27 1.52 1.26 1.67 2.27 1.52 1.26 1.67 2.27 1.52 1.26 1.67 2.27 1.52 1.26 1.67 2.27 1.52 1.26 1.67 2.27 1.52 1.26 1.67 2.27 1.52 1.26 1.67 2.27 
1.67 1.77 1.62 1.52 1.67 1.77 1.62 1.52 1.67 1.77 1.62 1.52 1.67 1.77 1.62 1.52 1.67 1.77 1.62 1.52 1.67 1.77 1.62 1.52 1.67 1.77 1.62 1.52 1.67 1.77 1.62 1.52 1.67 1.77 1.62 1.52 1.67 1.77 1.62 1.52 1.67 1.77 1.62 1.52 1.67 1.77 1.62 1.52 1.67 1.77 1.62 1.52 1.67 1.77 1.62 1.52 1.67 1.77 1.62 1.52 1.67 1.77 1.62 1.52 
1.62 2.01 1.26 1.77 1.62 2.01 1.26 1.77 1.62 2.01 1.26 1.77 1.62 2.01 1.26 1.77 1.62 2.01 1.26 1.77 1.62 2.01 1.26 1.77 1.62 2.01 1.26 1.77 1.62 2.01 1.26 1.77 1.62 2.01 1.26 1.77 1.62 2.01 1.26 1.77 1.62 2.01 1.26 1.77 1.62 2.01 1.26 1.77 1.62 2.01 1.26 1.77 1.62 2.01 1.26 1.77 1.62 2.01 1.26 1.77 1.62 2.01 1.26 1.77 
1.52 1.26 1.67 1.62 1.52 1.26 1.67 1.62 1.52 1.26 1.67 1.62 1.52 1.26 1.67 1.62 1.52 1.26 1.67 1.62 1.52 1.26 1.67 1.62 1.52 1.26 1.67 1.62 1.52 1.26 1.67 1.62 1.52 1.26 1.67 1.62 1.52 1.26 1.67 1.62 1.52 1.26 1.67 1.62 1.52 1.26 1.67 1.62 1.52 1.26 1.67 1.62 1.52 1.26 1.67 1.62 1.52 1.26 1.67 1.62 1.52 1.26 1.67 1.62 
1.62 2.27 1.52 2.01 1.62 2.27 1.52 2.01 1.62 2.27 1.52 2.01 1.62 2.27 1.52 2.01 1.62 2.27 1.52 2.01 1.62 2.27 1.52 2.01 1.62 2.27 1.52 2.01 1.62 2.27 1.52 2.01 1.62 2.27 1.52 2.01 1.62 2.27 1.52 2.01 1.62 2.27 1.52 2.01 1.62 2.27 1.52 2.01 1.62 2.27 1.52 2.01 1.62 2.27 1.52 2.01 1.62 2.27 1.52 2.01 1.62 2.27 1.52 2.01 
1.52 1.26 2.01 2.27 1.52 1.26 2.01 2.27 1.52 1.26 2.01 2.27 1.52 1.26 2.01 2.27 1.52 1.26 2.01 2.27 1.52 1.26 2.01 2.27 1.52 1.26 2.01 2.27 1.52 1.26 2.01 2.27 1.52 1.26 2.01 2.27 1.52 1.26 2.01 2.27 1.52 1.26 2.01 2.27 1.52 1.26 2.01 2.27 1.52 1.26 2.01 2.27 1.52 1.26 2.01 2.27 1.52 1.26 2.01 2.27 1.52 1.26 2.01 2.27 
1.62 2.01 1.52 1.77 1.62 2.01 1.52 1.77 1.62 2.01 1.52 1.77 1.62 2.01 1.52 1.77 1.62 2.01 1.52 1.77 1.62 2.01 1.52 1.77 1.62 2.01 1.52 1.77 1.62 2.01 1.52 1.77 1.62 2.01 1.52 1.77 1.62 2.01 1.52 1.77 1.62 2.01 1.52 1.77 1.62 2.01 1.52 1.77 1.62 2.01 1.52 1.77 1.62 2.01 1.52 1.77 1.62 2.01 1.52 1.77 1.62 2.01 1.52 1.77 
2.27 1.26 1.62 2.01 2.27 1.26 1.62 2.01 2.27 1.26 1.62 2.01 2.27 1.26 1.62 2.01 2.27 1.26 1.62 2.01 2.27 1.26 1.62 2.01 2.27 1.26 1.62 2.01 2.27 1.26 1.62 2.01 2.27 1.26 1.62 2.01 2.27 1.26 1.62 2.01 2.27 1.26 1.62 2.01 2.27 1.26 1.62 2.01 2.27 1.26 1.62 2.01 2.27 1.26 1.62 2.01 2.27 1.26 1.62 2.01 2.27 1.26 1.62 2.01 
1.52 1.67 1.26 1.62 1.52 1.67 1.26 1.62 1.52 1.67 1.26 1.62 1.52 1.67 1.26 1.62 1.52 1.67 1.26 1.62 1.52 1.67 1.26 1.62 1.52 1.67 1.26 1.62 1.52 1.67 1.26 1.62 1.52 1.67 1.26 1.62 1.52 1.67 1.26 1.62 1.52 1.67 1.26 1.62 1.52 1.67 1.26 1.62 1.52 1.67 1.26 1.62 1.52 1.67 1.26 1.62 1.52 1.67 1.26 1.62 1.52 1.67 1.26 1.62 
1.62 1.26 1.67 1.77 1.62 1.26 1.67 1.77 1.62 1.26 1.67 1.77 1.62 1.26 1.67 1.77 1.62 1.26 1.67 1.77 1.62 1.26 1.67 1.77 1.62 1.26 1.67 1.77 1.62 1.26 1.67 1.77 1.62 1.26 1.67 1.77 1.62 1.26 1.67 1.77 1.62 1.26 1.67 1.77 1.62 1.26 1.67 1.77 1.62 1.26 1.67 1.77 1.62 1.26 1.67 1.77 1.62 1.26 1.67 1.77 1.62 1.26 1.67 1.77 
1.77 1.52 1.62 2.01 1.77 1.52 1.62 2.01 1.77 1.52 1.62 2.01 1.77 1.52 1.62 2.01 1.77 1.52 1.62 2.01 1.77 1.52 1.62 2.01 1.77 1.52 1.62 2.01 1.77 1.52 1.62 2.01 1.77 1.52 1.62 2.01 1.77 1.52 1.62 2.01 1.77 1.52 1.62 2.01 1.77 1.52 1.62 2.01 1.77 1.52 1.62 2.01 1.77 1.52 1.62 2.01 1.77 1.52 1.62 2.01 1.77 1.52 1.62 2.01 
1.77 1.26 1.67 2.27 1.77 1.26 1.67 2.27 1.77 1.26 1.67 2.27 1.77 1.26 1.67 2.27 1.77 1.26 1.67 2.27 1.77 1.26 1.67 2.27 1.77 1.26 1.67 2.27 1.77 1.26 1.67 2.27 1.77 1.26 1.67 2.27 1.77 1.26 1.67 2.27 1.77 1.26 1.67 2.27 1.77 1.26 1.67 2.27 1.77 1.26 1.67 2.27 1.77 1.26 1.67 2.27 1.77 1.26 1.67 2.27 1.77 1.26 1.67 2.27 
1.62 1.77 1.67 2.27 1.62 1.77 1.67 2.27 1.62 1.77 1.67 2.27 1.62 1.77 1.67 2.27 1.62 1.77 1.67 2.27 1.62 1.77 1.67 2.27 1.62 1.77 1.67 2.27 1.62 1.77 1.67 2.27 1.62 1.77 1.67 2.27 1.62 1.77 1.67 2.27 1.62 1.77 1.67 2.27 1.62 1.77 1.67 2.27 1.62 1.77 1.67 2.27 1.62 1.77 1.67 2.27 1.62 1.77 1.67 2.27 1.62 1.77 1.67 2.27 
1.26 2.01 2.27 1.52 1.26 2.01 2.27 1.52 1.26 2.01 2.27 1.52 1.26 2.01 2.27 1.52 1.26 2.01 2.27 1.52 1.26 2.01 2.27 1.52 1.26 2.01 2.27 1.52 1.26 2.01 2.27 1.52 1.26 2.01 2.27 1.52 1.26 2.01 2.27 1.52 1.26 2.01 2.27 1.52 1.26 2.01 2.27 1.52 1.26 2.01 2.27 1.52 1.26 2.01 2.27 1.52 1.26 2.01 2.27 1.52 1.26 2.01 2.27 1.52 
1.67 1.77 1.62 2.01 1.67 1.77 1.62 2.01 1.67 1.77 1.62 2.01 1.67 1.77 1.62 2.01 1.67 1.77 1.62 2.01 1.67 1.77 1.62 2.01 1.67 1.77 1.62 2.01 1.67 1.77 1.62 2.01 1.67 1.77 1.62 2.01 1.67 1.77 1.62 2.01 1.67 1.77 1.62 2.01 1.67 1.77 1.62 2.01 1.67 1.77 1.62 2.01 1.67 1.77 1.62 2.01 1.67 1.77 1.62 2.01 1.67 1.77 1.62 2.01 
2.01 1.77 1.52 2.27 2.01 1.77 1.52 2.27 2.01 1.77 1.52 2.27 2.01 1.77 1.52 2.27 2.01 1.77 1.52 2.27 2.01 1.77 1.52 2.27 2.01 1.77 1.52 2.27 2.01 1.77 1.52 2.27 2.01 1.77 1.52 2.27 2.01 1.77 1.52 2.27 2.01 1.77 1.52 2.27 2.01 1.77 1.52 2.27 2.01 1.77 1.52 2.27 2.01 1.77 1.52 2.27 2.01 1.77 1.52 2.27 2.01 1.77 1.52 2.27 