
1.65 1.30 1.78 1.47 1.65 1.30 1.78 1.47 1.65 1.30 1.78 1.47 1.65 1.30 1.78 1.47 1.65 1.30 1.78 1.47 1.65 1.30 1.78 1.47 1.65 1.30 1.78 1.47 1.65 1.30 1.78 1.47 1.65 1.30 1.78 1.47 1.65 1.30 1.78 1.47 1.65 1.30 1.78 1.47 1.65 1.30 1.78 1.47 1.65 1.30 1.78 1.47 1.65 1.30 1.78 1.47 1.65 1.30 1.78 1.47 1.65 1.30 1.78 1.47 
1.78 0.93 1.65 1.47 1.78 0.93 1.65 1.47 1.78 0.93 1.65 1.47 1.78 0.93 1.65 1.47 1.78 0.93 1.65 1.47 1.78 0.93 1.65 1.47 1.78 0.93 1.65 1.47 1.78 0.93 1.65 1.47 1.78 0.93 1.65 1.47 1.78 0.93 1.65 1.47 1.78 0.93 1.65 1.47 1.78 0.93 1.65 1.47 1.78 0.93 1.65 1.47 1.78 0.93 1.65 1.47 1.78 0.93 1.65 1.47 1.78 0.93 1.65 1.47 
0.93 1.30 1.43 1.65 0.93 1.30 1.43 1.65 0.93 1.30 1.43 1.65 0.93 1.30 1.43 1.65 0.93 1.30 1.43 1.65 0.93 1.30 1.43 1.65 0.93 1.30 1.43 1.65 0.93 1.30 1.43 1.65 0.93 1.30 1.43 1.65 0.93 1.30 1.43 1.65 0.93 1.30 1.43 1.65 0.93 1.30 1.43 1.65 0.93 1.30 1.43 1.65 0.93 1.30 1.43 1.65 0.93 1.30 1.43 1.65 0.93 1.30 1.43 1.65 
1.47 1.30 1.88 0.93 1.47 1.30 1.88 0.93 1.47 1.30 1.88 0.93 1.47 1.30 1.88 0.93 1.47 1.30 1.88 0.93 1.47 1.30 1.88 0.93 1.47 1.30 1.88 0.93 1.47 1.30 1.88 0.93 1.47 1.30 1.88 0.93 1.47 1.30 1.88 0.93 1.47 1.30 1.88 0.93 1.47 1.30 1.88 0.93 1.47 1.30 1.88 0.93 1.47 1.30 1.88 0.93 1.47 1.30 1.88 0.93 1.47 1.30 1.88 0.93 
1.88 1.65 1.43 1.47 1.88 1.65 1.43 1.47 1.88 1.65 1.43 1.47 1.88 1.65 1.43 1.47 1.88 1.65 1.43 1.47 1.88 1.65 1.43 1.47 1.88 1.65 1.43 1.47 1.88 1.65 1.43 1.47 1.88 1.65 1.43 1.47 1.88 1.65 1.43 1.47 1.88 1.65 1.43 1.47 1.88 1.65 1.43 1.47 1.88 1.65 1.43 1.47 1.88 1.65 1.43 1.47 1.88 1.65 1.43 1.47 1.88 1.65 1.43 1.47 
1.88 1.47 1.78 2.00 1.88 1.47 1.78 2.00 1.88 1.47 1.78 2.00 1.88 1.47 1.78 2.00 1.88 1.47 1.78 2.00 1.88 1.47 1.78 2.00 1.88 1.47 1.78 2.00 1.88 1.47 1.78 2.00 1.88 1.47 1.78 2.00 1.88 1.47 1.78 2.00 1.88 1.47 1.78 2.00 1.88 1.47 1.78 2.00 1.88 1.47 1.78 2.00 1.88 1.47 1.78 2.00 1.88 1.47 1.78 2.00 1.88 1.47 1.78 2.00 
1.88 1.30 1.47 1.78 1.88 1.30 1.47 1.78 1.88 1.30 1.47 1.78 1.88 1.30 1.47 1.78 1.88 1.30 1.47 1.78 1.88 1.30 1.47 1.78 1.88 1.30 1.47 1.78 1.88 1.30 1.47 1.78 1.88 1.30 1.47 1.78 1.88 1.30 1.47 1.78 1.88 1.30 1.47 1.78 1.88 1.30 1.47 1.78 1.88 1.30 1.47 1.78 1.88 1.30 1.47 1.78 1.88 1.30 1.47 1.78 1.88 1.30 1.47 1.78 
1.88 2.00 1.43 1.73 1.88 2.00 1.43 1.73 1.88 2.00 1.43 1.73 1.88 2.00 1.43 1.73 1.88 2.00 1.43 1.73 1.88 2.00 1.43 1.73 1.88 2.00 1.43 1.73 1.88 2.00 1.43 1.73 1.88 2.00 1.43 1.73 1.88 2.00 1.43 1.73 1.88 2.00 1.43 1.73 1.88 2.00 1.43 1.73 1.88 2.00 1.43 1.73 1.88 2.00 1.43 1.73 1.88 2.00 1.43 1.73 1.88 2.00 1.43 1.73 
1.78 1.88 0.93 1.30 1.78 1.88 0.93 1.30 1.78 1.88 0.93 1.30 1.78 1.88 0.93 1.30 1.78 1.88 0.93 1.30 1.78 1.88 0.93 1.30 1.78 1.88 0.93 1.30 1.78 1.88 0.93 1.30 1.78 1.88 0.93 1.30 1.78 1.88 0.93 1.30 1.78 1.88 0.93 1.30 1.78 1.88 0.93 1.30 1.78 1.88 0.93 1.30 1.78 1.88 0.93 1.30 1.78 1.88 0.93 1.30 1.78 1.88 0.93 1.30 
1.65 2.00 1.47 1.73 1.65 2.00 1.47 1.73 1.65 2.00 1.47 1.73 1.65 2.00 1.47 1.73 1.65 2.00 1.47 1.73 1.65 2.00 1.47 1.73 1.65 2.00 1.47 1.73 1.65 2.00 1.47 1.73 1.65 2.00 1.47 1.73 1.65 2.00 1.47 1.73 1.65 2.00 1.47 1.73 1.65 2.00 1.47 1.73 1.65 2.00 1.47 1.73 1.65 2.00 1.47 1.73 1.65 2.00 1.47 1.73 1.65 2.00 1.47 1.73 
1.47 0.93 1.65 2.00 1.47 0.93 1.65 2.00 1.47 0.93 1.65 2.00 1.47 0.93 1.65 2.00 1.47 0.93 1.65 2.00 1.47 0.93 1.65 2.00 1.47 0.93 1.65 2.00 1.47 0.93 1.65 2.00 1.47 0.93 1.65 2.00 1.47 0.93 1.65 2.00 1.47 0.93 1.65 2.00 1.47 0.93 1.65 2.00 1.47 0.93 1.65 2.00 1.47 0.93 1.65 2.00 1.47 0.93 1.65 2.00 1.47 0.93 1.65 2.00 
1.47 1.78 1.30 1.65 1.47 1.78 1.30 1.65 1.47 1.78 1.30 1.65 1.47 1.78 1.30 1.65 1.47 1.78 1.30 1.65 1.47 1.78 1.30 1.65 1.47 1.78 1.30 1.65 1.47 1.78 1.30 1.65 1.47 1.78 1.30 1.65 1.47 1.78 1.30 1.65 1.47 1.78 1.30 1.65 1.47 1.78 1.30 1.65 1.47 1.78 1.30 1.65 1.47 1.78 1.30 1.65 1.47 1.78 1.30 1.65 1.47 1.78 1.30 1.65 
1.43 1.65 2.00 1.30 1.43 1.65 2.00 1.30 1.43 1.65 2.00 1.30 1.43 1.65 2.00 1.30 1.43 1.65 2.00 1.30 1.43 1.65 2.00 1.30 1.43 1.65 2.00 1.30 1.43 1.65 2.00 1.30 1.43 1.65 2.00 1.30 1.43 1.65 2.00 1.30 1.43 1.65 2.00 1.30 1.43 1.65 2.00 1.30 1.43 1.65 2.00 1.30 1.43 1.65 2.00 1.30 1.43 1.65 2.00 1.30 1.43 1.65 2.00 1.30 
1.78 0.93 1.65 1.73 1.78 0.93 1.65 1.73 1.78 0.93 1.65 1.73 1.78 0.93 1.65 1.73 1.78 0.93 1.65 1.73 1.78 0.93 1.65 1.73 1.78 0.93 1.65 1.73 1.78 0.93 1.65 1.73 1.78 0.93 1.65 1.73 1.78 0.93 1.65 1.73 1.78 0.93 1.65 1.73 1.78 0.93 1.65 1.73 1.78 0.93 1.65 1.73 1.78 0.93 1.65 1.73 1.78 0.93 1.65 1.73 1.78 0.93 1.65 1.73 
1.65 2.00 1.88 1.43 1.65 2.00 1.88 1.43 1.65 2.00 1.88 1.43 1.65 2.00 1.88 1.43 1.65 2.00 1.88 1.43 1.65 2.00 1.88 1.43 1.65 2.00 1.88 1.43 1.65 2.00 1.88 1.43 1.65 2.00 1.88 1.43 1.65 2.00 1.88 1.43 1.65 2.00 1.88 1.43 1.65 2.00 1.88 1.43 1.65 2.00 1.88 1.43 1.65 2.00 1.88 1.43 1.65 2.00 1.88 1.43 1.65 2.00 1.88 1.43 
1.65 2.00 1.30 1.88 1.65 2.00 1.30 1.88 1.65 2.00 1.30 1.88 1.65 2.00 1.30 1.88 1.65 2.00 1.30 1.88 1.65 2.00 1.30 1.88 1.65 2.00 1.30 1.88 1.65 2.00 1.30 1.88 1.65 2.00 1.30 1.88 1.65 2.00 1.30 1.88 1.65 2.00 1.30 1.88 1.65 2.00 1.30 1.88 1.65 2.00 1.30 1.88 1.65 2.00 1.30 1.88 1.65 2.00 1.30 1.88 1.65 2.00 1.30 1.88 
2.00 1.73 1.78 1.65 2.00 1.73 1.78 1.65 2.00 1.73 1.78 1.65 2.00 1.73 1.78 1.65 2.00 1.73 1.78 1.65 2.00 1.73 1.78 1.65 2.00 1.73 1.78 1.65 2.00 1.73 1.78 1.65 2.00 1.73 1.78 1.65 2.00 1.73 1.78 1.65 2.00 1.73 1.78 1.65 2.00 1.73 1.78 1.65 2.00 1.73 1.78 1.65 2.00 1.73 1.78 1.65 2.00 1.73 1.78 1.65 2.00 1.73 1.78 1.65 
2.00 1.88 1.73 1.65 2.00 1.88 1.73 1.65 2.00 1.88 1.73 1.65 2.00 1.88 1.73 1.65 2.00 1.88 1.73 1.65 2.00 1.88 1.73 1.65 2.00 1.88 1.73 1.65 2.00 1.88 1.73 1.65 2.00 1.88 1.73 1.65 2.00 1.88 1.73 1.65 2.00 1.88 1.73 1.65 2.00 1.88 1.73 1.65 2.00 1.88 1.73 1.65 2.00 1.88 1.73 1.65 2.00 1.88 1.73 1.65 2.00 1.88 1.73 1.65 
2.00 1.78 1.47 0.93 2.00 1.78 1.47 0.93 2.00 1.78 1.47 0.93 2.00 1.78 1.47 0.93 2.00 1.78 1.47 0.93 2.00 1.78 1.47 0.93 2.00 1.78 1.47 0.93 2.00 1.78 1.47 0.93 2.00 1.78 1.47 0.93 2.00 1.78 1.47 0.93 2.00 1.78 1.47 0.93 2.00 1.78 1.47 0.93 2.00 1.78 1.47 0.93 2.00 1.78 1.47 0.93 2.00 1.78 1.47 0.93 2.00 1.78 1.47 0.93 
1.65 1.78 1.47 1.43 1.65 1.78 1.47 1.43 1.65 1.78 1.47 1.43 1.65 1.78 1.47 1.43 1.65 1.78 1.47 1.43 1.65 1.78 1.47 1.43 1.65 1.78 1.47 1.43 1.65 1.78 1.47 1.43 1.65 1.78 1.47 1.43 1.65 1.78 1.47 1.43 1.65 1.78 1.47 1.43 1.65 1.78 1.47 1.43 1.65 1.78 1.47 1.43 1.65 1.78 1.47 1.43 1.65 1.78 1.47 1.43 1.65 1.78 1.47 1.43 
1.65 1.73 1.78 1.30 1.65 1.73 1.78 1.30 1.65 1.73 1.78 1.30 1.65 1.73 1.78 1.30 1.65 1.73 1.78 1.30 1.65 1.73 1.78 1.30 1.65 1.73 1.78 1.30 1.65 1.73 1.78 1.30 1.65 1.73 1.78 1.30 1.65 1.73 1.78 1.30 1.65 1.73 1.78 1.30 1.65 1.73 1.78 1.30 1.65 1.73 1.78 1.30 1.65 1.73 1.78 1.30 1.65 1.73 1.78 1.30 1.65 1.73 1.78 1.30 
1.73 1.65 1.88 1.43 1.73 1.65 1.88 1.43 1.73 1.65 1.88 1.43 1.73 1.65 1.88 1.43 1.73 1.65 1.88 1.43 1.73 1.65 1.88 1.43 1.73 1.65 1.88 1.43 1.73 1.65 1.88 1.43 1.73 1.65 1.88 1.43 1.73 1.65 1.88 1.43 1.73 1.65 1.88 1.43 1.73 1.65 1.88 1.43 1.73 1.65 1.88 1.43 1.73 1.65 1.88 1.43 1.73 1.65 1.88 1.43 1.73 1.65 1.88 1.43 
2.00 1.78 1.47 1.43 2.00 1.78 1.47 1.43 2.00 1.78 1.47 1.43 2.00 1.78 1.47 1.43 2.00 1.78 1.47 1.43 2.00 1.78 1.47 1.43 2.00 1.78 1.47 1.43 2.00 1.78 1.47 1.43 2.00 1.78 1.47 1.43 2.00 1.78 1.47 1.43 2.00 1.78 1.47 1.43 2.00 1.78 1.47 1.43 2.00 1.78 1.47 1.43 2.00 1.78 1.47 1.43 2.00 1.78 1.47 1.43 2.00 1.78 1.47 1.43 
2.00 1.78 1.88 1.30 2.00 1.78 1.88 1.30 2.00 1.78 1.88 1.30 2.00 1.78 1.88 1.30 2.00 1.78 1.88 1.30 2.00 1.78 1.88 1.30 2.00 1.78 1.88 1.30 2.00 1.78 1.88 1.30 2.00 1.78 1.88 1.30 2.00 1.78 1.88 1.30 2.00 1.78 1.88 1.30 2.00 1.78 1.88 1.30 2.00 1.78 1.88 1.30 2.00 1.78 1.88 1.30 2.00 1.78 1.88 1.30 2.00 1.78 1.88 1.30 
1.88 2.00 1.73 0.93 1.88 2.00 1.73 0.93 1.88 2.00 1.73 0.93 1.88 2.00 1.73 0.93 1.88 2.00 1.73 0.93 1.88 2.00 1.73 0.93 1.88 2.00 1.73 0.93 1.88 2.00 1.73 0.93 1.88 2.00 1.73 0.93 1.88 2.00 1.73 0.93 1.88 2.00 1.73 0.93 1.88 2.00 1.73 0.93 1.88 2.00 1.73 0.93 1.88 2.00 1.73 0.93 1.88 2.00 1.73 0.93 1.88 2.00 1.73 0.93 
1.47 1.43 1.73 1.30 1.47 1.43 1.73 1.30 1.47 1.43 1.73 1.30 1.47 1.43 1.73 1.30 1.47 1.43 1.73 1.30 1.47 1.43 1.73 1.30 1.47 1.43 1.73 1.30 1.47 1.43 1.73 1.30 1.47 1.43 1.73 1.30 1.47 1.43 1.73 1.30 1.47 1.43 1.73 1.30 1.47 1.43 1.73 1.30 1.47 1.43 1.73 1.30 1.47 1.43 1.73 1.30 1.47 1.43 1.73 1.30 1.47 1.43 1.73 1.30 
1.88 1.30 1.47 1.73 1.88 1.30 1.47 1.73 1.88 1.30 1.47 1.73 1.88 1.30 1.47 1.73 1.88 1.30 1.47 1.73 1.88 1.30 1.47 1.73 1.88 1.30 1.47 1.73 1.88 1.30 1.47 1.73 1.88 1.30 1.47 1.73 1.88 1.30 1.47 1.73 1.88 1.30 1.47 1.73 1.88 1.30 1.47 1.73 1.88 1.30 1.47 1.73 1.88 1.30 1.47 1.73 1.88 1.30 1.47 1.73 1.88 1.30 1.47 1.73 
1.43 1.65 1.47 1.30 1.43 1.65 1.47 1.30 1.43 1.65 1.47 1.30 1.43 1.65 1.47 1.30 1.43 1.65 1.47 1.30 1.43 1.65 1.47 1.30 1.43 1.65 1.47 1.30 1.43 1.65 1.47 1.30 1.43 1.65 1.47 1.30 1.43 1.65 1.47 1.30 1.43 1.65 1.47 1.30 1.43 1.65 1.47 1.30 1.43 1.65 1.47 1.30 1.43 1.65 1.47 1.30 1.43 1.65 1.47 1.30 1.43 1.65 1.47 1.30 
1.78 1.88 1.65 1.30 1.78 1.88 1.65 1.30 1.78 1.88 1.65 1.30 1.78 1.88 1.65 1.30 1.78 1.88 1.65 1.30 1.78 1.88 1.65 1.30 1.78 1.88 1.65 1.30 1.78 1.88 1.65 1.30 1.78 1.88 1.65 1.30 1.78 1.88 1.65 1.30 1.78 1.88 1.65 1.30 1.78 1.88 1.65 1.30 1.78 1.88 1.65 1.30 1.78 1.88 1.65 1.30 1.78 1.88 1.65 1.30 1.78 1.88 1.65 1.30 
2.00 1.65 1.73 1.47 2.00 1.65 1.73 1.47 2.00 1.65 1.73 1.47 2.00 1.65 1.73 1.47 2.00 1.65 1.73 1.47 2.00 1.65 1.73 1.47 2.00 1.65 1.73 1.47 2.00 1.65 1.73 1.47 2.00 1.65 1.73 1.47 2.00 1.65 1.73 1.47 2.00 1.65 1.73 1.47 2.00 1.65 1.73 1.47 2.00 1.65 1.73 1.47 2.00 1.65 1.73 1.47 2.00 1.65 1.73 1.47 2.00 1.65 1.73 1.47 