
1.33 2.78 1.83 1.90 1.33 2.78 1.83 1.90 1.33 2.78 1.83 1.90 1.33 2.78 1.83 1.90 
1.83 2.78 1.90 2.52 1.83 2.78 1.90 2.52 1.83 2.78 1.90 2.52 1.83 2.78 1.90 2.52 
1.33 1.83 2.52 2.78 1.33 1.83 2.52 2.78 1.33 1.83 2.52 2.78 1.33 1.83 2.52 2.78 
1.90 1.83 1.33 2.52 1.90 1.83 1.33 2.52 1.90 1.83 1.33 2.52 1.90 1.83 1.33 2.52 
2.52 1.33 1.83 2.78 2.52 1.33 1.83 2.78 2.52 1.33 1.83 2.78 2.52 1.33 1.83 2.78 
1.33 2.78 2.52 1.83 1.33 2.78 2.52 1.83 1.33 2.78 2.52 1.83 1.33 2.78 2.52 1.83 
1.90 1.83 2.78 2.52 1.90 1.83 2.78 2.52 1.90 1.83 2.78 2.52 1.90 1.83 2.78 2.52 
2.52 1.83 1.33 2.78 2.52 1.83 1.33 2.78 2.52 1.83 1.33 2.78 2.52 1.83 1.33 2.78 
1.83 1.90 2.78 2.52 1.83 1.90 2.78 2.52 1.83 1.90 2.78 2.52 1.83 1.90 2.78 2.52 
2.52 1.90 1.83 2.78 2.52 1.90 1.83 2.78 2.52 1.90 1.83 2.78 2.52 1.90 1.83 2.78 
1.83 2.52 1.90 1.33 1.83 2.52 1.90 1.33 1.83 2.52 1.90 1.33 1.83 2.52 1.90 1.33 
1.33 1.90 2.52 1.83 1.33 1.90 2.52 1.83 1.33 1.90 2.52 1.83 1.33 1.90 2.52 1.83 
2.52 1.90 1.33 1.83 2.52 1.90 1.33 1.83 2.52 1.90 1.33 1.83 2.52 1.90 1.33 1.83 
1.90 2.78 2.52 1.83 1.90 2.78 2.52 1.83 1.90 2.78 2.52 1.83 1.90 2.78 2.52 1.83 
1.33 1.90 2.78 1.83 1.33 1.90 2.78 1.83 1.33 1.90 2.78 1.83 1.33 1.90 2.78 1.83 
1.90 1.33 2.52 2.78 1.90 1.33 2.52 2.78 1.90 1.33 2.52 2.78 1.90 1.33 2.52 2.78 
2.52 1.90 2.78 1.33 2.52 1.90 2.78 1.33 2.52 1.90 2.78 1.33 2.52 1.90 2.78 1.33 
1.33 1.83 2.52 1.90 1.33 1.83 2.52 1.90 1.33 1.83 2.52 1.90 1.33 1.83 2.52 1.90 
1.90 1.33 2.52 2.78 1.90 1.33 2.52 2.78 1.90 1.33 2.52 2.78 1.90 1.33 2.52 2.78 
2.52 2.78 1.83 1.90 2.52 2.78 1.83 1.90 2.52 2.78 1.83 1.90 2.52 2.78 1.83 1.90 
1.33 1.90 2.78 1.83 1.33 1.90 2.78 1.83 1.33 1.90 2.78 1.83 1.33 1.90 2.78 1.83 
1.90 1.83 2.78 1.33 1.90 1.83 2.78 1.33 1.90 1.83 2.78 1.33 1.90 1.83 2.78 1.33 
2.52 1.83 1.90 2.78 2.52 1.83 1.90 2.78 2.52 1.83 1.90 2.78 2.52 1.83 1.90 2.78 
2.52 1.83 2.78 1.33 2.52 1.83 2.78 1.33 2.52 1.83 2.78 1.33 2.52 1.83 2.78 1.33 
1.90 2.78 1.33 1.83 1.90 2.78 1.33 1.83 1.90 2.78 1.33 1.83 1.90 2.78 1.33 1.83 
1.83 1.33 2.52 1.90 1.83 1.33 2.52 1.90 1.83 1.33 2.52 1.90 1.83 1.33 2.52 1.90 
1.33 1.83 1.90 2.78 1.33 1.83 1.90 2.78 1.33 1.83 1.90 2.78 1.33 1.83 1.90 2.78 
2.78 2.52 1.83 1.90 2.78 2.52 1.83 1.90 2.78 2.52 1.83 1.90 2.78 2.52 1.83 1.90 
2.78 1.33 2.52 1.90 2.78 1.33 2.52 1.90 2.78 1.33 2.52 1.90 2.78 1.33 2.52 1.90 
2.78 1.33 1.83 1.90 2.78 1.33 1.83 1.90 2.78 1.33 1.83 1.90 2.78 1.33 1.83 1.90 