
2.24 1.88 2.18 1.60 2.24 1.88 2.18 1.60 2.24 1.88 2.18 1.60 2.24 1.88 2.18 1.60 2.24 1.88 2.18 1.60 2.24 1.88 2.18 1.60 2.24 1.88 2.18 1.60 2.24 1.88 2.18 1.60 2.24 1.88 2.18 1.60 2.24 1.88 2.18 1.60 2.24 1.88 2.18 1.60 2.24 1.88 2.18 1.60 2.24 1.88 2.18 1.60 2.24 1.88 2.18 1.60 2.24 1.88 2.18 1.60 2.24 1.88 2.18 1.60 
2.32 1.77 2.02 2.42 2.32 1.77 2.02 2.42 2.32 1.77 2.02 2.42 2.32 1.77 2.02 2.42 2.32 1.77 2.02 2.42 2.32 1.77 2.02 2.42 2.32 1.77 2.02 2.42 2.32 1.77 2.02 2.42 2.32 1.77 2.02 2.42 2.32 1.77 2.02 2.42 2.32 1.77 2.02 2.42 2.32 1.77 2.02 2.42 2.32 1.77 2.02 2.42 2.32 1.77 2.02 2.42 2.32 1.77 2.02 2.42 2.32 1.77 2.02 2.42 
1.88 2.75 2.34 2.24 1.88 2.75 2.34 2.24 1.88 2.75 2.34 2.24 1.88 2.75 2.34 2.24 1.88 2.75 2.34 2.24 1.88 2.75 2.34 2.24 1.88 2.75 2.34 2.24 1.88 2.75 2.34 2.24 1.88 2.75 2.34 2.24 1.88 2.75 2.34 2.24 1.88 2.75 2.34 2.24 1.88 2.75 2.34 2.24 1.88 2.75 2.34 2.24 1.88 2.75 2.34 2.24 1.88 2.75 2.34 2.24 1.88 2.75 2.34 2.24 
1.83 1.69 1.88 2.42 1.83 1.69 1.88 2.42 1.83 1.69 1.88 2.42 1.83 1.69 1.88 2.42 1.83 1.69 1.88 2.42 1.83 1.69 1.88 2.42 1.83 1.69 1.88 2.42 1.83 1.69 1.88 2.42 1.83 1.69 1.88 2.42 1.83 1.69 1.88 2.42 1.83 1.69 1.88 2.42 1.83 1.69 1.88 2.42 1.83 1.69 1.88 2.42 1.83 1.69 1.88 2.42 1.83 1.69 1.88 2.42 1.83 1.69 1.88 2.42 
1.32 1.88 2.18 1.76 1.32 1.88 2.18 1.76 1.32 1.88 2.18 1.76 1.32 1.88 2.18 1.76 1.32 1.88 2.18 1.76 1.32 1.88 2.18 1.76 1.32 1.88 2.18 1.76 1.32 1.88 2.18 1.76 1.32 1.88 2.18 1.76 1.32 1.88 2.18 1.76 1.32 1.88 2.18 1.76 1.32 1.88 2.18 1.76 1.32 1.88 2.18 1.76 1.32 1.88 2.18 1.76 1.32 1.88 2.18 1.76 1.32 1.88 2.18 1.76 
2.24 1.77 1.32 1.88 2.24 1.77 1.32 1.88 2.24 1.77 1.32 1.88 2.24 1.77 1.32 1.88 2.24 1.77 1.32 1.88 2.24 1.77 1.32 1.88 2.24 1.77 1.32 1.88 2.24 1.77 1.32 1.88 2.24 1.77 1.32 1.88 2.24 1.77 1.32 1.88 2.24 1.77 1.32 1.88 2.24 1.77 1.32 1.88 2.24 1.77 1.32 1.88 2.24 1.77 1.32 1.88 2.24 1.77 1.32 1.88 2.24 1.77 1.32 1.88 
1.97 2.42 2.32 1.77 1.97 2.42 2.32 1.77 1.97 2.42 2.32 1.77 1.97 2.42 2.32 1.77 1.97 2.42 2.32 1.77 1.97 2.42 2.32 1.77 1.97 2.42 2.32 1.77 1.97 2.42 2.32 1.77 1.97 2.42 2.32 1.77 1.97 2.42 2.32 1.77 1.97 2.42 2.32 1.77 1.97 2.42 2.32 1.77 1.97 2.42 2.32 1.77 1.97 2.42 2.32 1.77 1.97 2.42 2.32 1.77 1.97 2.42 2.32 1.77 
2.68 1.77 1.60 1.88 2.68 1.77 1.60 1.88 2.68 1.77 1.60 1.88 2.68 1.77 1.60 1.88 2.68 1.77 1.60 1.88 2.68 1.77 1.60 1.88 2.68 1.77 1.60 1.88 2.68 1.77 1.60 1.88 2.68 1.77 1.60 1.88 2.68 1.77 1.60 1.88 2.68 1.77 1.60 1.88 2.68 1.77 1.60 1.88 2.68 1.77 1.60 1.88 2.68 1.77 1.60 1.88 2.68 1.77 1.60 1.88 2.68 1.77 1.60 1.88 
1.88 1.76 1.77 2.24 1.88 1.76 1.77 2.24 1.88 1.76 1.77 2.24 1.88 1.76 1.77 2.24 1.88 1.76 1.77 2.24 1.88 1.76 1.77 2.24 1.88 1.76 1.77 2.24 1.88 1.76 1.77 2.24 1.88 1.76 1.77 2.24 1.88 1.76 1.77 2.24 1.88 1.76 1.77 2.24 1.88 1.76 1.77 2.24 1.88 1.76 1.77 2.24 1.88 1.76 1.77 2.24 1.88 1.76 1.77 2.24 1.88 1.76 1.77 2.24 
2.09 2.42 2.04 2.34 2.09 2.42 2.04 2.34 2.09 2.42 2.04 2.34 2.09 2.42 2.04 2.34 2.09 2.42 2.04 2.34 2.09 2.42 2.04 2.34 2.09 2.42 2.04 2.34 2.09 2.42 2.04 2.34 2.09 2.42 2.04 2.34 2.09 2.42 2.04 2.34 2.09 2.42 2.04 2.34 2.09 2.42 2.04 2.34 2.09 2.42 2.04 2.34 2.09 2.42 2.04 2.34 2.09 2.42 2.04 2.34 2.09 2.42 2.04 2.34 
2.18 1.77 2.02 2.03 2.18 1.77 2.02 2.03 2.18 1.77 2.02 2.03 2.18 1.77 2.02 2.03 2.18 1.77 2.02 2.03 2.18 1.77 2.02 2.03 2.18 1.77 2.02 2.03 2.18 1.77 2.02 2.03 2.18 1.77 2.02 2.03 2.18 1.77 2.02 2.03 2.18 1.77 2.02 2.03 2.18 1.77 2.02 2.03 2.18 1.77 2.02 2.03 2.18 1.77 2.02 2.03 2.18 1.77 2.02 2.03 2.18 1.77 2.02 2.03 
1.97 2.04 1.88 2.42 1.97 2.04 1.88 2.42 1.97 2.04 1.88 2.42 1.97 2.04 1.88 2.42 1.97 2.04 1.88 2.42 1.97 2.04 1.88 2.42 1.97 2.04 1.88 2.42 1.97 2.04 1.88 2.42 1.97 2.04 1.88 2.42 1.97 2.04 1.88 2.42 1.97 2.04 1.88 2.42 1.97 2.04 1.88 2.42 1.97 2.04 1.88 2.42 1.97 2.04 1.88 2.42 1.97 2.04 1.88 2.42 1.97 2.04 1.88 2.42 
2.02 2.09 1.97 1.87 2.02 2.09 1.97 1.87 2.02 2.09 1.97 1.87 2.02 2.09 1.97 1.87 2.02 2.09 1.97 1.87 2.02 2.09 1.97 1.87 2.02 2.09 1.97 1.87 2.02 2.09 1.97 1.87 2.02 2.09 1.97 1.87 2.02 2.09 1.97 1.87 2.02 2.09 1.97 1.87 2.02 2.09 1.97 1.87 2.02 2.09 1.97 1.87 2.02 2.09 1.97 1.87 2.02 2.09 1.97 1.87 2.02 2.09 1.97 1.87 
1.97 2.18 1.88 1.77 1.97 2.18 1.88 1.77 1.97 2.18 1.88 1.77 1.97 2.18 1.88 1.77 1.97 2.18 1.88 1.77 1.97 2.18 1.88 1.77 1.97 2.18 1.88 1.77 1.97 2.18 1.88 1.77 1.97 2.18 1.88 1.77 1.97 2.18 1.88 1.77 1.97 2.18 1.88 1.77 1.97 2.18 1.88 1.77 1.97 2.18 1.88 1.77 1.97 2.18 1.88 1.77 1.97 2.18 1.88 1.77 1.97 2.18 1.88 1.77 
1.88 1.69 2.36 2.03 1.88 1.69 2.36 2.03 1.88 1.69 2.36 2.03 1.88 1.69 2.36 2.03 1.88 1.69 2.36 2.03 1.88 1.69 2.36 2.03 1.88 1.69 2.36 2.03 1.88 1.69 2.36 2.03 1.88 1.69 2.36 2.03 1.88 1.69 2.36 2.03 1.88 1.69 2.36 2.03 1.88 1.69 2.36 2.03 1.88 1.69 2.36 2.03 1.88 1.69 2.36 2.03 1.88 1.69 2.36 2.03 1.88 1.69 2.36 2.03 
2.24 1.83 2.34 2.68 2.24 1.83 2.34 2.68 2.24 1.83 2.34 2.68 2.24 1.83 2.34 2.68 2.24 1.83 2.34 2.68 2.24 1.83 2.34 2.68 2.24 1.83 2.34 2.68 2.24 1.83 2.34 2.68 2.24 1.83 2.34 2.68 2.24 1.83 2.34 2.68 2.24 1.83 2.34 2.68 2.24 1.83 2.34 2.68 2.24 1.83 2.34 2.68 2.24 1.83 2.34 2.68 2.24 1.83 2.34 2.68 2.24 1.83 2.34 2.68 
1.32 2.02 1.34 2.75 1.32 2.02 1.34 2.75 1.32 2.02 1.34 2.75 1.32 2.02 1.34 2.75 1.32 2.02 1.34 2.75 1.32 2.02 1.34 2.75 1.32 2.02 1.34 2.75 1.32 2.02 1.34 2.75 1.32 2.02 1.34 2.75 1.32 2.02 1.34 2.75 1.32 2.02 1.34 2.75 1.32 2.02 1.34 2.75 1.32 2.02 1.34 2.75 1.32 2.02 1.34 2.75 1.32 2.02 1.34 2.75 1.32 2.02 1.34 2.75 
1.87 2.68 2.75 1.60 1.87 2.68 2.75 1.60 1.87 2.68 2.75 1.60 1.87 2.68 2.75 1.60 1.87 2.68 2.75 1.60 1.87 2.68 2.75 1.60 1.87 2.68 2.75 1.60 1.87 2.68 2.75 1.60 1.87 2.68 2.75 1.60 1.87 2.68 2.75 1.60 1.87 2.68 2.75 1.60 1.87 2.68 2.75 1.60 1.87 2.68 2.75 1.60 1.87 2.68 2.75 1.60 1.87 2.68 2.75 1.60 1.87 2.68 2.75 1.60 
2.42 2.03 2.34 2.26 2.42 2.03 2.34 2.26 2.42 2.03 2.34 2.26 2.42 2.03 2.34 2.26 2.42 2.03 2.34 2.26 2.42 2.03 2.34 2.26 2.42 2.03 2.34 2.26 2.42 2.03 2.34 2.26 2.42 2.03 2.34 2.26 2.42 2.03 2.34 2.26 2.42 2.03 2.34 2.26 2.42 2.03 2.34 2.26 2.42 2.03 2.34 2.26 2.42 2.03 2.34 2.26 2.42 2.03 2.34 2.26 2.42 2.03 2.34 2.26 
2.02 2.09 1.97 1.32 2.02 2.09 1.97 1.32 2.02 2.09 1.97 1.32 2.02 2.09 1.97 1.32 2.02 2.09 1.97 1.32 2.02 2.09 1.97 1.32 2.02 2.09 1.97 1.32 2.02 2.09 1.97 1.32 2.02 2.09 1.97 1.32 2.02 2.09 1.97 1.32 2.02 2.09 1.97 1.32 2.02 2.09 1.97 1.32 2.02 2.09 1.97 1.32 2.02 2.09 1.97 1.32 2.02 2.09 1.97 1.32 2.02 2.09 1.97 1.32 
2.04 1.87 2.75 1.77 2.04 1.87 2.75 1.77 2.04 1.87 2.75 1.77 2.04 1.87 2.75 1.77 2.04 1.87 2.75 1.77 2.04 1.87 2.75 1.77 2.04 1.87 2.75 1.77 2.04 1.87 2.75 1.77 2.04 1.87 2.75 1.77 2.04 1.87 2.75 1.77 2.04 1.87 2.75 1.77 2.04 1.87 2.75 1.77 2.04 1.87 2.75 1.77 2.04 1.87 2.75 1.77 2.04 1.87 2.75 1.77 2.04 1.87 2.75 1.77 
2.32 2.18 2.09 2.26 2.32 2.18 2.09 2.26 2.32 2.18 2.09 2.26 2.32 2.18 2.09 2.26 2.32 2.18 2.09 2.26 2.32 2.18 2.09 2.26 2.32 2.18 2.09 2.26 2.32 2.18 2.09 2.26 2.32 2.18 2.09 2.26 2.32 2.18 2.09 2.26 2.32 2.18 2.09 2.26 2.32 2.18 2.09 2.26 2.32 2.18 2.09 2.26 2.32 2.18 2.09 2.26 2.32 2.18 2.09 2.26 2.32 2.18 2.09 2.26 
1.34 1.32 2.04 2.68 1.34 1.32 2.04 2.68 1.34 1.32 2.04 2.68 1.34 1.32 2.04 2.68 1.34 1.32 2.04 2.68 1.34 1.32 2.04 2.68 1.34 1.32 2.04 2.68 1.34 1.32 2.04 2.68 1.34 1.32 2.04 2.68 1.34 1.32 2.04 2.68 1.34 1.32 2.04 2.68 1.34 1.32 2.04 2.68 1.34 1.32 2.04 2.68 1.34 1.32 2.04 2.68 1.34 1.32 2.04 2.68 1.34 1.32 2.04 2.68 
2.04 2.42 2.75 1.97 2.04 2.42 2.75 1.97 2.04 2.42 2.75 1.97 2.04 2.42 2.75 1.97 2.04 2.42 2.75 1.97 2.04 2.42 2.75 1.97 2.04 2.42 2.75 1.97 2.04 2.42 2.75 1.97 2.04 2.42 2.75 1.97 2.04 2.42 2.75 1.97 2.04 2.42 2.75 1.97 2.04 2.42 2.75 1.97 2.04 2.42 2.75 1.97 2.04 2.42 2.75 1.97 2.04 2.42 2.75 1.97 2.04 2.42 2.75 1.97 
2.24 1.88 1.32 1.88 2.24 1.88 1.32 1.88 2.24 1.88 1.32 1.88 2.24 1.88 1.32 1.88 2.24 1.88 1.32 1.88 2.24 1.88 1.32 1.88 2.24 1.88 1.32 1.88 2.24 1.88 1.32 1.88 2.24 1.88 1.32 1.88 2.24 1.88 1.32 1.88 2.24 1.88 1.32 1.88 2.24 1.88 1.32 1.88 2.24 1.88 1.32 1.88 2.24 1.88 1.32 1.88 2.24 1.88 1.32 1.88 2.24 1.88 1.32 1.88 
2.32 2.02 2.04 2.24 2.32 2.02 2.04 2.24 2.32 2.02 2.04 2.24 2.32 2.02 2.04 2.24 2.32 2.02 2.04 2.24 2.32 2.02 2.04 2.24 2.32 2.02 2.04 2.24 2.32 2.02 2.04 2.24 2.32 2.02 2.04 2.24 2.32 2.02 2.04 2.24 2.32 2.02 2.04 2.24 2.32 2.02 2.04 2.24 2.32 2.02 2.04 2.24 2.32 2.02 2.04 2.24 2.32 2.02 2.04 2.24 2.32 2.02 2.04 2.24 
2.04 2.09 2.36 1.32 2.04 2.09 2.36 1.32 2.04 2.09 2.36 1.32 2.04 2.09 2.36 1.32 2.04 2.09 2.36 1.32 2.04 2.09 2.36 1.32 2.04 2.09 2.36 1.32 2.04 2.09 2.36 1.32 2.04 2.09 2.36 1.32 2.04 2.09 2.36 1.32 2.04 2.09 2.36 1.32 2.04 2.09 2.36 1.32 2.04 2.09 2.36 1.32 2.04 2.09 2.36 1.32 2.04 2.09 2.36 1.32 2.04 2.09 2.36 1.32 
1.32 1.69 1.60 1.97 1.32 1.69 1.60 1.97 1.32 1.69 1.60 1.97 1.32 1.69 1.60 1.97 1.32 1.69 1.60 1.97 1.32 1.69 1.60 1.97 1.32 1.69 1.60 1.97 1.32 1.69 1.60 1.97 1.32 1.69 1.60 1.97 1.32 1.69 1.60 1.97 1.32 1.69 1.60 1.97 1.32 1.69 1.60 1.97 1.32 1.69 1.60 1.97 1.32 1.69 1.60 1.97 1.32 1.69 1.60 1.97 1.32 1.69 1.60 1.97 
1.87 2.75 2.68 2.02 1.87 2.75 2.68 2.02 1.87 2.75 2.68 2.02 1.87 2.75 2.68 2.02 1.87 2.75 2.68 2.02 1.87 2.75 2.68 2.02 1.87 2.75 2.68 2.02 1.87 2.75 2.68 2.02 1.87 2.75 2.68 2.02 1.87 2.75 2.68 2.02 1.87 2.75 2.68 2.02 1.87 2.75 2.68 2.02 1.87 2.75 2.68 2.02 1.87 2.75 2.68 2.02 1.87 2.75 2.68 2.02 1.87 2.75 2.68 2.02 
1.32 1.87 1.69 1.77 1.32 1.87 1.69 1.77 1.32 1.87 1.69 1.77 1.32 1.87 1.69 1.77 1.32 1.87 1.69 1.77 1.32 1.87 1.69 1.77 1.32 1.87 1.69 1.77 1.32 1.87 1.69 1.77 1.32 1.87 1.69 1.77 1.32 1.87 1.69 1.77 1.32 1.87 1.69 1.77 1.32 1.87 1.69 1.77 1.32 1.87 1.69 1.77 1.32 1.87 1.69 1.77 1.32 1.87 1.69 1.77 1.32 1.87 1.69 1.77 