
1.691.69 1.66 2.76 1.691.69 1.66 2.76 1.691.69 1.66 2.76 1.691.69 1.66 2.76 
1.59 1.87 1.68 1.27 1.59 1.87 1.68 1.27 1.59 1.87 1.68 1.27 1.59 1.87 1.68 1.27 
1.27 1.87 1.68 1.59 1.27 1.87 1.68 1.59 1.27 1.87 1.68 1.59 1.27 1.87 1.68 1.59 
1.48 1.77 1.55 1.91 1.48 1.77 1.55 1.91 1.48 1.77 1.55 1.91 1.48 1.77 1.55 1.91 
2.76 1.86 2.51 2.11 2.76 1.86 2.51 2.11 2.76 1.86 2.51 2.11 2.76 1.86 2.51 2.11 
2.13 2.85 1.91 1.55 2.13 2.85 1.91 1.55 2.13 2.85 1.91 1.55 2.13 2.85 1.91 1.55 
1.70 1.56 2.11 1.59 1.70 1.56 2.11 1.59 1.70 1.56 2.11 1.59 1.70 1.56 2.11 1.59 
1.77 1.692.51 1.68 1.77 1.692.51 1.68 1.77 1.692.51 1.68 1.77 1.692.51 1.68 
1.68 1.56 1.48 2.85 1.68 1.56 1.48 2.85 1.68 1.56 1.48 2.85 1.68 1.56 1.48 2.85 
2.20 1.86 2.11 1.69 2.20 1.86 2.11 1.69 2.20 1.86 2.11 1.69 2.20 1.86 2.11 1.69 
1.86 2.29 1.68 2.13 1.86 2.29 1.68 2.13 1.86 2.29 1.68 2.13 1.86 2.29 1.68 2.13 
1.87 1.77 2.85 1.68 1.87 1.77 2.85 1.68 1.87 1.77 2.85 1.68 1.87 1.77 2.85 1.68 
1.56 1.68 2.29 1.87 1.56 1.68 2.29 1.87 1.56 1.68 2.29 1.87 1.56 1.68 2.29 1.87 
1.68 1.80 2.11 1.85 1.68 1.80 2.11 1.85 1.68 1.80 2.11 1.85 1.68 1.80 2.11 1.85 
2.13 2.51 1.86 2.85 2.13 2.51 1.86 2.85 2.13 2.51 1.86 2.85 2.13 2.51 1.86 2.85 
2.11 1.55 1.80 1.27 2.11 1.55 1.80 1.27 2.11 1.55 1.80 1.27 2.11 1.55 1.80 1.27 
2.85 1.27 2.11 1.80 2.85 1.27 2.11 1.80 2.85 1.27 2.11 1.80 2.85 1.27 2.11 1.80 
1.27 2.13 1.87 1.56 1.27 2.13 1.87 1.56 1.27 2.13 1.87 1.56 1.27 2.13 1.87 1.56 
2.13 1.66 1.59 2.76 2.13 1.66 1.59 2.76 2.13 1.66 1.59 2.76 2.13 1.66 1.59 2.76 
1.85 1.68 1.91 1.87 1.85 1.68 1.91 1.87 1.85 1.68 1.91 1.87 1.85 1.68 1.91 1.87 
1.91 1.27 2.51 1.56 1.91 1.27 2.51 1.56 1.91 1.27 2.51 1.56 1.91 1.27 2.51 1.56 
2.29 1.48 2.85 1.77 2.29 1.48 2.85 1.77 2.29 1.48 2.85 1.77 2.29 1.48 2.85 1.77 
2.76 1.69 2.85 1.70 2.76 1.69 2.85 1.70 2.76 1.69 2.85 1.70 2.76 1.69 2.85 1.70 
1.55 1.22 1.68 1.91 1.55 1.22 1.68 1.91 1.55 1.22 1.68 1.91 1.55 1.22 1.68 1.91 
1.91 1.66 1.69 1.56 1.91 1.66 1.69 1.56 1.91 1.66 1.69 1.56 1.91 1.66 1.69 1.56 
2.76 1.68 1.80 1.68 2.76 1.68 1.80 1.68 2.76 1.68 1.80 1.68 2.76 1.68 1.80 1.68 
1.48 1.77 1.86 2.20 1.48 1.77 1.86 2.20 1.48 1.77 1.86 2.20 1.48 1.77 1.86 2.20 
2.29 2.20 2.76 1.56 2.29 2.20 2.76 1.56 2.29 2.20 2.76 1.56 2.29 2.20 2.76 1.56 
2.20 1.48 2.76 2.13 2.20 1.48 2.76 2.13 2.20 1.48 2.76 2.13 2.20 1.48 2.76 2.13 
1.48 1.70 1.66 1.22 1.48 1.70 1.66 1.22 1.48 1.70 1.66 1.22 1.48 1.70 1.66 1.22 